"AT1G01530.1",13056.5354397546,10387.5993151776,12773.562397574,14976.0460034142,24777.790757772,19739.1517415676,0001,-0.693278108116367,13.8987373139162,-2.32497740525675,0.0337450747167542,0.0543096949920804,-4.31450952547707,-1.61695340744662
"AT1G02580.1",3023.26484747693,1955.62942793434,3947.32685679997,3291.73491155044,4088.20290258317,3245.52425675271,0002,-0.301268516143635,11.631817362585,-0.952882762273905,0.355009750251457,0.388016062166728,-6.28451966885101,-1.23222739575552
"AT1G02790.1",10487.5393000353,8645.58651913634,8544.96338864199,17078.6828622936,23730.4684089952,27324.0575304244,0003,-1.27899189035853,13.8046521316899,-4.32401939015331,0.000538830096497433,0.00435805782047124,-0.322331923369346,-2.42669347959004
"AT1G02940.1",51936.6889542559,41284.6379863868,61091.0425461455,87193.5350410782,154866.163702921,144177.847009095,0004,-1.29785947027128,16.2811108800379,-4.12523025111674,0.000813870329735154,0.00574931772090144,-0.729602661923934,-2.45863823233973
"AT1G03445.1",6892.74865958533,5402.65056409843,8460.37026018123,10426.323227577,16941.1018537121,13773.9005320095,0005,-0.982897836046314,13.2239380028006,-3.20195824299475,0.00563063468447708,0.0199824317573391,-2.62020903495316,-1.97643133773954
"AT1G04020.1",14515.2791782036,11876.7483291093,17683.136090615,19574.6905295293,30566.2353215025,24968.5353295257,0006,-0.764276475205877,14.2059802237295,-2.53834970816818,0.0220726223080985,0.041696764063343,-3.92066253775244,-1.69851796230784
"AT1G04445.1",18750.4738994454,16329.6178579667,24469.6198213791,29806.3251590619,36878.3410596214,34531.0853514325,0007,-0.7802610790438,14.646387591742,-2.68480703322225,0.0164084909127303,0.036782670316564,-3.64213880023877,-1.71744164364848
"AT1G04540.1",10704.0139188945,7112.14429281741,10069.7545291471,12187.5062375785,17459.7915612551,14901.3193374,0008,-0.682719796517921,13.5014115392289,-2.28598768500872,0.036425848379724,0.0569189068190122,-4.38473430610122,-1.60516298878169
"AT1G04635.1",4001.50053042784,3199.76408979968,3637.50452381245,4210.26573309318,7013.08256332873,7028.03299413245,0009,-0.718390335533725,12.1725339678575,-2.36246505274754,0.0313428631478542,0.051777180788367,-4.24645384441547,-1.64534524177545
"AT1G05160.1",32619.6091395389,24521.6194553143,37590.0140456421,33962.6771265428,51335.3666462187,44247.7698075934,0010,-0.45310885075366,15.1510283546048,-1.50237045620191,0.152735593657691,0.181239067121979,-5.64192176108727,-1.36898709871478
"AT1G05280.1",9966.8522433095,13164.0548562128,15836.891061959,10344.4541760916,16569.8989959178,14861.5427092054,0011,-0.0979604826833071,13.688508741923,-0.317514403205457,0.755013396581432,0.778896473412069,-6.69467085043061,-1.07025938221149
"AT1G05570.1",42347.8473143331,32882.9444721678,49486.9801495415,49187.3254936136,78998.2653299726,70092.6339770313,0012,-0.660884792471133,15.6537495171326,-2.16604009486427,0.0459691780555137,0.0674525965371906,-4.59698947612778,-1.58105197203795
"AT1G05820.1",2662.47381604492,2070.56751071145,2629.78888102371,3384.58639677161,5249.86898880563,4110.66591998515,0013,-0.777385856856107,11.640986350895,-2.6359984355621,0.0181203017868581,0.0388950168211465,-3.73562263174792,-1.71402227308005
"AT1G06470.1",41823.0603595229,27354.1423538018,45043.7260771404,43777.9776771804,71953.696809956,63487.2276574664,0014,-0.652104278826446,15.5095989836755,-2.068229781438,0.0554071674621735,0.0782355395310858,-4.7655192609947,-1.57145861516181
"AT1G06660.1",2748.57167581846,3679.70066959091,5008.97061898244,3946.68732343309,7603.02996232331,6307.08160810542,0015,-0.633661266837017,12.170611406857,-1.90354449508545,0.0753600436750865,0.100380769638356,-5.03902740592212,-1.55149738670497
"AT1G07135.1",3152.00164732881,3791.27471092088,4007.59946082825,23811.9131454286,8887.32556406711,11614.7754328217,0016,-1.89356992347631,12.773531803302,-5.39122166690789,6.27758641685658e-05,0.000976406133452616,1.81136263739751,-3.71553490741775
"AT1G07230.1",59214.82803378,47344.3979798256,71392.3707644539,70381.4257976454,106770.536284327,95760.9893588557,0017,-0.615375460923271,16.1437325003885,-2.04456716746334,0.0579423355300514,0.0813606961401138,-4.8056342348483,-1.53195663644424
"AT1G07690.1",1388.22549139638,1729.67797740179,2282.95705433462,2200.480359435,4517.40620690788,3642.04751906758,0018,-0.907426712877223,11.2385488489629,-2.73862841212088,0.0147013775344437,0.0353042581646616,-3.53834175861284,-1.87569689480273
"AT1G07705.1",21773.7387469223,16798.901639842,24372.3377236492,26622.417778736,43001.5310576128,39483.2755616596,0019,-0.780661187100666,14.7301803148874,-2.56206993151304,0.0210430145297242,0.0412204210095007,-3.87596863254589,-1.71791801427068
"AT1G07795.1",5487.30359623424,4229.16077262292,4942.35353031959,10408.3519723729,13262.2163880718,13035.5468711473,0020,-1.32369804217957,12.9084875962259,-4.64599568252732,0.00027816594296804,0.00289923472516174,0.332427569476692,-2.50306896710996
"AT1G08030.1",22025.4724893078,17194.1765098803,24170.3716294491,26679.326753549,42398.326413697,35094.1732443123,0021,-0.705516190105955,14.7053177198648,-2.35270477498743,0.0319523510679998,0.0522715646112424,-4.26422240185683,-1.63072802793991
"AT1G08050.1",4175.33620920872,3411.13802739465,4740.38743611954,6539.54008815754,9604.87394542848,7461.84684537975,0022,-0.931609858618041,12.4576635978892,-3.16779566501612,0.00604728166144892,0.0207247517278809,-2.6891016958922,-1.90740322106776
"AT1G08065.1",1287.36799851879,1163.3976671341,1426.45162866948,2694.68987754766,5171.98267489343,4263.55733460812,0023,-1.59849214819426,11.131220506821,-5.14658062258056,0.000101606595901331,0.00128484123463946,1.33253840451171,-3.0282664457233
"AT1G08270.1",5059.27423621716,4768.52875131352,6565.48418266033,6969.85180998898,9629.73127965578,10849.0753400757,0024,-0.733476676437297,12.7685837672649,-2.4552895585791,0.0260689276405545,0.0457563990357649,-4.07579207355423,-1.66264098054275
"AT1G08810.1",42085.453836928,33632.5650413043,42744.9078112194,66236.0562639004,112331.950528781,101119.646988446,0025,-1.21210318170753,15.8667786289508,-3.99947305449729,0.00105785796645529,0.00695782654674341,-0.987974295601233,-2.31675130077128
"AT1G08830.1",81865.9449707756,92742.6979824837,139348.14568519,409389.187161599,553378.946034984,558622.966364888,0026,-2.30074869186304,17.7871409136388,-7.50275323220931,1.36981930195899e-06,0.000138488731428053,5.60491567957816,-4.92713394418803
"AT1G09360.1",1651.43894841837,1388.22777051761,2644.59267850434,8828.87832054613,17033.9025681607,14578.134233319,0027,-2.83205913602365,12.2493042139868,-8.34425159694573,3.52028953110478e-07,8.89753178986733e-05,6.93905079686911,-7.12089774540903
"AT1G09380.1",8218.65570009799,14937.4653724274,13556.0488358359,11327.8811969825,18735.8013849231,16364.3534431825,0028,-0.353766621056739,13.7096706824534,-1.09214168310859,0.291154961913347,0.323114891870904,-6.14459167534975,-1.27789262695892
"AT1G09550.1",15167.9829532488,10878.7493664593,15699.4272282103,20871.6161134249,31664.9294943491,26083.5239386055,0029,-0.91138782251919,14.2012641236541,-3.0413084159904,0.00787147991899233,0.0240424960667712,-2.94277405553365,-1.88085394462305
"AT1G09880.1",18711.1148778346,12881.4753746535,20036.9398900355,26258.9990623865,42711.528824961,35785.2921591933,0030,-1.01827220111221,14.5542206969683,-3.29443464353151,0.00463983970361201,0.0179041142761517,-2.43302449234186,-2.02549173918299
"AT1G10010.1",15187.6624640542,10988.0807134912,13682.9385285271,20939.5075219738,29039.9949999463,25317.8238458595,0031,-0.91768287285243,14.1437368363881,-3.15727753147694,0.00618157920566106,0.0209717334796085,-2.71028235770406,-1.88907878700932
"AT1G10190.1",58672.0015273982,46279.1181882329,68356.5348668186,126233.091762778,229675.139637786,197913.58566073,0032,-1.65005836039005,16.6248047988756,-5.24951726493208,8.28964978144846e-05,0.00117875358027892,1.5348794530074,-3.13846334720498
"AT1G10370.1",60071.706733431,41933.8979856838,50841.5276190193,87946.3309535165,111645.888104108,86882.1001340435,0033,-0.911896580129026,16.0772929267502,-3.14361276960648,0.00636045166994349,0.0211608357244733,-2.73777740565994,-1.88151733326187
"AT1G10417.1",1008.57492877587,885.864247745487,1232.9448473155,1157.14915453047,1551.09765578348,1625.86967745406,0034,-0.468109329998352,10.2477759813232,-1.59836744425068,0.129776945728221,0.158034374601887,-5.50672092504703,-1.38329545363091
"AT1G11420.1",3241.37942556993,3096.03947851302,4021.34584420313,3980.6330277075,6812.56673389519,5642.06610547704,0035,-0.640756630107514,12.0648225431502,-2.11912094212069,0.0502948858985104,0.072227456879821,-4.67836676130194,-1.55914664878861
"AT1G11580.1",68050.9283853969,56138.0023226358,80039.9033213546,122371.268700031,163712.060376609,132223.727216988,0036,-1.03828181471028,16.5589789263325,-3.57221046299874,0.00259031820222692,0.0121805195462856,-1.86612732712894,-2.05378023578422
"AT1G11590.1",135017.843717264,103896.738074034,125695.87216573,153492.490698193,248583.285206685,202635.817239207,0037,-0.710845042879892,17.2378209176851,-2.39000748833185,0.0296813844373932,0.0502174454192082,-4.19612843765922,-1.63676255219901
"AT1G11593.1",72678.8933431294,54844.5283862125,89254.2098389423,79166.3743832482,140172.164863356,113629.396555646,0038,-0.60848483471608,16.4169103586805,-1.92297053491823,0.0727097026127968,0.0980126791220501,-5.00747657885452,-1.52465712329627
"AT1G11810.1",5720.99778704816,4359.23704191213,7167.15280883744,4803.31715482839,7700.80214361735,6188.99474315272,0039,-0.118979579235654,12.519449707912,-0.384727698861999,0.705571637018984,0.733127363850146,-6.67011132370849,-1.08596648479748
"AT1G11905.1",22544.5195867998,17189.1304477096,26471.3047235817,31838.0754001917,47038.3621361262,40040.1483563839,0040,-0.849081744320133,14.8318882701885,-2.82906772369296,0.0122119163854827,0.0321516861086536,-3.3623659457498,-1.80135402304547
"AT1G12180.1",107097.537762127,78020.5312626729,99175.9263932831,156516.653587816,233034.194069701,179489.548688846,0041,-0.993940566334683,17.0162638981072,-3.3711301893218,0.00395073899258024,0.0162042494030617,-2.27710782178483,-1.99161745727334
"AT1G13608.1",809.319881871368,496.7567870269,571.003617110094,1044.32960797142,1496.41152048342,765.700092745948,0042,-0.792996808064499,9.65700685924255,-2.4386002282062,0.0269507026075364,0.0471404158066078,-4.10669353669147,-1.73266987929659
"AT1G13609.1",85541.0936136808,62783.6662014506,85817.6139952241,105011.036172874,160465.692526524,133546.300104458,0043,-0.76254209647017,16.6184292188939,-2.5624515998982,0.0210268283997287,0.0412204210095007,-3.87524811672787,-1.6964772653294
"AT1G13900.1",71586.6804934306,50774.598908754,79412.8567566392,87071.7298669171,131853.243675287,120068.238244646,0044,-0.751883426442713,16.3880665759284,-2.46682759564104,0.0254753686242368,0.0451852590861464,-4.05437473616416,-1.6839898309077
"AT1G14210.1",19376.1183471332,15249.7605534364,22496.485100032,29548.7371678031,46761.6171483956,41559.118345565,0045,-1.03690058972933,14.7171623299244,-3.42429596047565,0.00353372278411411,0.0149480909403321,-2.16872015286081,-2.05181490355037
"AT1G14230.1",24430.472705649,18359.256197738,26869.949841453,30843.665945565,47449.3367286842,42372.053184292,0046,-0.787737364300323,14.8787058415901,-2.61688626785113,0.0188362446489606,0.0395399011379604,-3.772053195787,-1.72636481212241
"AT1G14580.1",17544.2838829988,25988.3415262651,37903.0086209469,32319.3056784348,53537.7264587574,45812.7315231245,0047,-0.732483311705924,15.0244053035022,-2.18135368574151,0.0446333758107782,0.0660678520420158,-4.57022263617695,-1.66149656651988
"AT1G15757.1",2739.55190003266,2562.83890914217,2702.75045432111,8724.04599852223,16137.3813803628,13722.9367271352,0048,-2.22282503966423,12.4931081633506,-7.28808300321726,1.96593146696628e-06,0.000156381986321548,5.24851036779282,-4.66806626131586
"AT1G15760.1",4760.80165566886,4347.46289684716,4951.87025727143,5928.51741121824,6085.07541884289,5939.14779730542,0049,-0.354549282846978,12.3698182203503,-1.28807330364188,0.216277395187814,0.24819119924504,-5.92051241664311,-1.27858607155016
"AT1G15770.1",2211.48502675489,1531.19953202084,2862.41998429079,1708.26764745611,1249.49533382558,942.208880359462,0050,0.755827988409173,10.6808740126398,2.30155031338847,0.0353327916492257,0.0559021163652069,-4.3567737742994,1.68860043211423
"AT1G16290.1",2692.81306186988,1773.97118978906,2559.99955004359,3727.03864871635,5524.95682092108,5213.22433275407,0051,-1.0443138046781,11.692658635429,-3.44321320337083,0.00339616191860799,0.0144265533601373,-2.13010057171025,-2.06238518403904
"AT1G16400.1",801.940065319349,1230.6784960768,2472.23417926556,308.506547670333,483.889439624761,233.687690643244,0052,2.03926837421121,9.37627968972583,5.17658399080735,9.57418942437491e-05,0.00125302299428924,1.39164245042459,4.11037030910999
"AT1G16410.1",1423.48461492269,1490.2703610807,4311.07730918121,318.490578339276,8.28577807576646,247.360906585136,0053,4.53392370064568,8.76394407421074,4.97989487629568,0.000141648027750808,0.00162734268245531,1.00235162980793,23.1657855641331
"AT1G17250.1",21863.1165251634,16567.3434535642,24455.8734380042,31599.457067204,53146.6377335813,43749.3189355298,0054,-1.0173367093531,14.8454588678904,-3.31579730344745,0.00443672938835544,0.017318661820955,-2.38965238665892,-2.02417876826858
"AT1G17310.1",17.21957195471,20.744922257331,9.5167269518349,146.765250833459,61.3147577606718,125.54498273919,0055,-2.70917800589613,5.36280156138403,-7.30860935233504,1.89867458521369e-06,0.000156381986321548,5.28287632769372,-6.53948944836077
"AT1G17430.1",47549.7980038893,38293.4444663095,50912.3743641052,71394.8049105431,116514.611301428,96832.4722808476,0056,-1.03971571605309,15.9857866869205,-3.47380150217904,0.00318493230441227,0.0138195989689305,-2.06760018774815,-2.05582251230379
"AT1G17770.1",5070.75395085364,4410.25833719367,6418.50362195976,9328.07985399327,15119.8878326586,14021.2614385946,0057,-1.26123870510754,12.9851158892225,-4.13291006986293,0.000800966313823649,0.00570265453011063,-0.713838663597334,-2.39701461456822
"AT1G17820.1",15002.3470706368,11782.5551685895,16964.0944986986,19536.7512129873,30917.552311915,27508.0244358244,0058,-0.823337815123256,14.2275908623152,-2.72950656293346,0.0149781247418505,0.0353683834175625,-3.55598436045339,-1.76949515935833
"AT1G17840.1",384137.491084137,281554.570265093,391421.922114864,400451.482906761,638820.232396673,543947.876600345,0059,-0.572246642010278,18.6970219514662,-1.89848002594115,0.0760650660864492,0.10104540222341,-5.04722025233912,-1.48683715121508
"AT1G17860.1",15723.9291335009,13149.4773432753,16558.047482087,20501.2085756072,31378.2415729276,27972.9137778487,0060,-0.797961185055698,14.2786224292167,-2.72043753418155,0.0152582488224945,0.0354622748495217,-3.57350457974117,-1.73864234230142
"AT1G17950.1",12772.0025126934,7213.62620980597,13986.41637688,5264.57937173354,10241.2217016473,8863.97298923921,0061,0.476947579537814,13.1713131753955,1.38196270086337,0.186222831848052,0.217403329097438,-5.80255893163282,1.39179581987821
"AT1G18250.1",16712.0045718545,14884.7620564223,18691.9091475095,31834.0817879241,40910.2006712893,37551.6230549596,0062,-1.13154390836598,14.592616102945,-3.99857359475324,0.00105984697151185,0.00695782654674341,-0.989823543632185,-2.19093078554164
"AT1G18350.1",4256.51419128092,5635.33009752525,8060.66772820416,14319.0967853978,24872.2486278358,22502.3843814609,0063,-1.79090556587118,13.3931856568389,-5.44576565181343,5.64429853825509e-05,0.00092038481002837,1.91712650189442,-3.46032025360852
"AT1G18590.1",967.575947931321,1079.29663095574,2031.29249716387,461.262216905158,858.406608649406,561.84487324865,0064,1.08315575250966,9.78703062361022,3.11738198216167,0.00671821567800325,0.0219100517756816,-2.79048478305979,2.11866538689281
"AT1G19140.1",32996.7997633087,24391.5431860251,32282.8526488355,40017.9917272566,55121.967226844,48945.1409934488,0065,-0.684970239623437,15.1967384224052,-2.35580980572909,0.0317572575635231,0.0522058331654014,-4.25857345289688,-1.60766881763564
"AT1G19160.1",15431.1964102708,10342.1847556413,13867.985997035,18119.0188579974,30385.6053594508,24215.2654330906,0066,-0.863503389782226,14.1016261392051,-2.81208234434136,0.0126459808647605,0.0323673079855008,-3.39555745480082,-1.81945124162214
"AT1G19640.1",11793.7668297425,19302.8698236593,30481.0190126214,6650.36282858281,8966.86903359447,7374.83547120407,0067,1.32651936135552,13.5561178504464,3.85149171763453,0.00144165270295259,0.00857359342755925,-1.29233166531336,2.50796873173272
"AT1G20140.1",42167.4517986171,38186.9164871502,49380.1813248598,68837.8946562269,94943.4166589776,76352.4808391556,0068,-0.883253136804653,15.8337528192128,-3.07262163512758,0.00737495735418265,0.0230838448454448,-2.88019588155231,-1.84452985060083
"AT1G20470.1",7087.08382878848,5172.77439854422,6884.82324259967,8818.89428987718,11871.8628269582,11235.6544453419,0069,-0.740085331827748,12.9959076042588,-2.54354059245066,0.0218432802568236,0.0415104442474598,-3.91089625842203,-1.67027462853014
"AT1G20500.1",13955.2330998671,14871.8665642083,18943.5737046803,21166.1450181588,32271.4484494952,24841.7473271555,0070,-0.703192482612726,14.2977676246884,-2.37747516188541,0.030426836417399,0.0507073526154838,-4.21906095934441,-1.62810357524417
"AT1G20680.1",125729.93459674,95814.0678237177,126116.722979822,155624.081246012,260915.837294656,210747.763351642,0071,-0.831251222170529,17.2264111307151,-2.75298283429498,0.0142758497508702,0.0348372448066335,-3.51053804140898,-1.77922778404469
"AT1G20690.1",5466.80410581197,4385.02802634016,5992.36573733871,5179.71511104753,8951.95463305809,7349.97507858245,0072,-0.415402585126007,12.5625665780824,-1.36243892274584,0.192178089490741,0.223067793886497,-5.82762673764423,-1.33367078699674
"AT1G20730.1",159628.711938629,123342.018985621,159330.100041726,228545.444445837,367124.597825445,301310.444613317,0073,-1.00352779681169,17.6612154280183,-3.36809242412951,0.00397599194126117,0.0162085800508671,-2.28329371054407,-2.00489654911006
"AT1G20880.1",16507.0096676317,12961.0910222357,20237.8485701298,17852.4452391366,30768.4083065512,29724.328438042,0074,-0.638266693825095,14.3117096840938,-2.01820505575263,0.0608908189975234,0.0845612884704618,-4.85001249845014,-1.55645805035424
"AT1G20910.1",11909.3839557242,8930.40869499374,12096.8173698879,11455.676789545,16190.4103600477,14818.0370221176,0075,-0.364980876507154,13.5915116027004,-1.24637852355465,0.230800076744316,0.26336216432111,-5.97074996474125,-1.28786455824307
"AT1G20940.1",2843.68931137782,3209.85621414108,4240.23056409533,3319.69019742348,5171.98267489343,4856.4776986338,0076,-0.368991598850799,11.9088507736922,-1.21372346380117,0.242696446369679,0.275382836453137,-6.009149706146,-1.29144982986732
"AT1G21440.1",84430.0212327936,71551.4795598328,87767.4856062445,123879.855734109,171850.351602627,140084.583363945,0077,-0.83057642890995,16.7198265745218,-2.90371630657469,0.0104698064830215,0.0293871776654154,-3.21576987253405,-1.7783957785647
"AT1G21670.1",43604.0560874101,47047.2409853287,65462.392459355,83291.7758556554,127062.406791879,111204.265255407,0078,-1.04383222836084,16.1660700207713,-3.45385184822498,0.00332115788973886,0.0141674709979999,-2.1083702792504,-2.06169686801523
"AT1G21790.1",34761.395898858,26969.5202816794,38259.3571745878,34590.6726556193,55380.4835028079,49593.9972408731,0079,-0.468420620678442,15.2435097610789,-1.54999230536719,0.140952385048669,0.169444543738649,-5.57561753040172,-1.38359395985
"AT1G22015.1",13150.0131160802,9352.03522303463,15213.016739561,21855.0431343158,40174.4235781613,34962.4131634177,0080,-1.34536997716505,14.2617578908568,-4.17602512510576,0.000732280643579395,0.00543841918528482,-0.625376976826208,-2.54095350557309
"AT1G22040.1",21928.7148945147,16412.597546996,25003.6139447876,24973.0559122266,40311.967494219,35065.5837927974,0081,-0.657266048300279,14.6730030275217,-2.14651421365218,0.0477259375114414,0.069425788236068,-4.63097260474103,-1.57709115366992
"AT1G22180.1",22825.7725953934,17389.2909138141,25825.2247049627,26840.069647319,50397.4165680419,42287.5278493785,0082,-0.826747061187858,14.8203678193621,-2.60500807586665,0.0192947760636179,0.0400554796721103,-3.79464356613158,-1.77368161439854
"AT1G22420.1",3950.6617941806,3042.21481535887,4852.47333133004,17885.3925403441,31161.1541873425,25208.4381183244,0083,-2.63711081375363,13.240030764092,-8.40857546423365,3.18463388916434e-07,8.89753178986733e-05,7.03699813666932,-6.22084609339702
"AT1G22460.1",5802.17576912036,4272.33263786115,5758.67721996588,7188.50208163882,12259.6372409041,9655.77649423786,0084,-0.858401131076507,12.7810489206094,-2.81685469505035,0.0125225338617633,0.0323673079855008,-3.38623809617035,-1.81302790595144
"AT1G22590.1",6794.35110555841,8684.83366935291,13061.1790343405,4335.06611645497,6842.39553496795,6641.45388886623,0085,0.655906901857959,12.8346762014564,2.01889141903711,0.0608123547077402,0.0845612884704618,-4.84886130566255,1.57560609383077
"AT1G23320.1",7884.92399602338,5361.72139315829,7994.05063954132,3114.01916564326,4658.26443419591,4656.35153802974,0086,0.774166416013628,12.3791518370431,2.53226552355821,0.0223443528191423,0.0418624695386982,-3.93209909011019,1.71020161751532
"AT1G23360.1",18926.7695170769,14077.9527826845,19233.3051696583,22088.6694519691,34866.5541428253,28082.2995053839,0087,-0.692414430723478,14.4198283125426,-2.31406283713925,0.0344762863421774,0.0550640213142833,-4.33422603691177,-1.61598569900641
"AT1G23980.1",14397.2021133713,10708.865273379,15211.9593254552,19390.9843652207,34226.8920753761,28197.9003310744,0088,-0.998713986935623,14.1971126496123,-3.22550790546994,0.00536005754448604,0.0193536363481264,-2.57263430590423,-1.9982180016919
"AT1G24030.1",22589.6184657288,13535.7814361212,23882.7549926826,20016.9830881634,39533.1043550969,31196.063681242,0089,-0.585722136527517,14.5367861813489,-1.74135709188159,0.101064759430808,0.127561138307799,-5.29440201269059,-1.50079001709547
"AT1G26797.1",2527.9971588748,4302.04833731084,6738.90009600487,3156.95049751972,7170.5123467683,7113.80134867705,0090,-0.378479251002046,12.2205744667098,-0.95734225849816,0.352824110589822,0.386044562560941,-6.28029909774202,-1.29997082997179
"AT1G26799.1",810.95984110515,2223.07072298155,2847.61618681016,966.454168753664,2956.36561743347,2735.88620800947,0091,-0.202056364858896,10.8544605322191,-0.429757553419586,0.673179184178962,0.703082804963771,-6.65107850804762,-1.15033683514702
"AT1G27000.1",42176.4715744029,32328.9989805396,48546.9390095214,45347.4672983382,71017.4038873944,62104.9898277042,0092,-0.531741006385552,15.5698349243035,-1.75543864517881,0.0985615026625141,0.12534047697082,-5.27282156868492,-1.4456727430754
"AT1G27080.1",52998.5625581297,44936.3049772516,56418.3296127946,85655.994318061,122435.628314371,106602.606581145,0093,-1.01887837764133,16.153846095104,-3.53495791476005,0.00280110305644544,0.0126991712559029,-1.94245913120302,-2.02634296795746
"AT1G27130.1",34236.6089440478,24911.2875896074,37389.1053655478,49185.3286874799,68974.1310139103,56676.7230987731,0094,-0.86400649223814,15.3847476231819,-2.91205476802479,0.0102909296394134,0.029125339948522,-3.19932460935168,-1.82008583866899
"AT1G27560.1",20786.4832881856,15559.2523665728,27009.5285034132,21709.2762865492,33973.3472662577,30299.8465272325,0095,-0.451693195749835,14.5559264545916,-1.4440990578912,0.168260459996998,0.198443934115976,-5.72094090047289,-1.36764442902534
"AT1G27600.1",30193.2894531586,22904.6368663915,33073.7983999436,40262.6004786457,60487.8371087103,54073.8399912893,0096,-0.841797280710988,15.2138479405921,-2.81939333941799,0.0124573433524727,0.0323673079855008,-3.38127863233041,-1.79228154025181
"AT1G27730.1",8362.9721126708,9409.22392763593,10159.6347281366,20229.6429414119,15086.7447203556,19792.6015857041,0097,-0.972467280492957,13.666463234816,-3.4100300340352,0.00364111724039001,0.0152672113914755,-2.19782610173845,-1.96219344805509
"AT1G28050.1",63275.367096624,48265.0239891915,69336.7577428576,56635.412372645,91148.5303002766,91757.2231271435,0098,-0.387162204963577,16.0567321294555,-1.25853283741087,0.226490016019362,0.25873605219839,-5.95624427882587,-1.30781838079368
"AT1G28450.1",15564.853087824,12839.4248565643,16384.6315687424,9414.94092081307,10947.1699937027,10389.1580765757,0099,0.537474782498666,13.5894779434921,1.91371669086483,0.0739616239843861,0.0991713552363585,-5.02253088470408,1.45142978629801
"AT1G28460.1",6909.14825192315,5437.41232571882,6721.98147031272,1647.36506037556,2306.76061629338,1132.39088391487,0100,1.95760949968015,11.6473139924443,6.18426571754254,1.39017539183218e-05,0.000401562091754952,3.31037615544002,3.88417849297788
"AT1G29080.1",5607.02062030032,3935.92849314767,5219.39602602857,7904.35708060202,11729.347444055,10175.3587000298,0101,-1.01114419191862,12.7542635201634,-3.40632099165791,0.00366956712970184,0.0152672113914755,-2.20539083701913,-2.01550895325962
"AT1G29730.1",1572.72090519684,1433.64233005393,1690.80515510933,2023.76301659471,3067.39504364874,2650.11785346487,0102,-0.702801289914444,10.961663007302,-2.42544901724366,0.0276653402935473,0.0480578333965228,-4.13097814153073,-1.62766216810606
"AT1G29960.1",7110.86323767832,5657.19636693162,7787.85488891823,8429.51709378841,12962.2712217291,9231.90680003921,0103,-0.562260965267164,13.0109084564074,-1.88736623974214,0.0776329208852619,0.102731522270942,-5.0651514527534,-1.47658147642157
"AT1G30090.1",29781.6596854793,21745.7245878536,31445.380677074,33847.8607738499,58096.5615560441,47618.8390470853,0104,-0.733660978560293,15.1039311022821,-2.37989362032489,0.0302816220307379,0.0507073526154838,-4.21463982994397,-1.6628533939964
"AT1G30530.1",284673.143575648,218877.992716376,278737.530520504,426793.3494237,578751.655658597,474152.324315142,0105,-0.917828078156781,18.4413403136103,-3.18775838087497,0.00580025917941951,0.0201514159120039,-2.64886261131515,-1.88926892980254
"AT1G31140.1",215.65463924232,266.319947898169,213.597649363406,451.278186236215,636.347756218864,706.035150454056,0106,-1.34515807349538,8.52830152683417,-4.55359934682128,0.000335960568238242,0.00327200823398008,0.145295222029194,-2.54058031663432
"AT1G31290.1",115837.700498568,94004.2135251592,125595.417825683,162173.605364839,245323.660111678,197896.183385895,0107,-0.841755317399915,17.1810932385963,-2.86363303497587,0.0113727981921973,0.0309083305707298,-3.29462933928001,-1.79222940936352
"AT1G31630.1",197.615087670719,468.162434726254,582.635172273448,158.746087636191,344.688367951885,776.887269425678,0108,0.113438599352424,8.50884674084459,0.230526958604458,0.820642514871671,0.838050083368949,-6.71955151190302,1.08180359683154
"AT1G31640.1",152.516208741717,459.191657533895,551.970163206424,108.825934291477,296.630855112439,192.668042817568,0109,0.875166224348972,7.96888222991462,1.94102335330769,0.0703220078910063,0.0955585349164077,-4.97797996973065,1.83421940921471
"AT1G32120.1",10122.6483705188,7204.65543261361,11479.2875321244,13619.2162355049,21491.6511729231,19295.3937332717,0110,-0.917944887372215,13.661381373133,-2.97601643966484,0.00901449736200604,0.026403041117861,-3.07274026497942,-1.8894219025025
"AT1G32375.1",174.655658397772,135.122331459913,187.16229671942,187.699776576125,444.117704861082,350.531535964866,0111,-0.904767442641051,7.81945037526827,-2.67264734435018,0.0168198052046813,0.0370921792168912,-3.6654873470018,-1.8722426716192
"AT1G32583.1",1146.33150441355,1115.7404132997,1763.76672840674,1737.22133639605,3113.79540087304,2494.74039957974,0112,-0.859721137890643,10.787996074787,-2.69494821025601,0.0160728725170911,0.0365983651233764,-3.622636885477,-1.81468751127367
"AT1G32900.1",86584.1076863661,63188.4725222558,87252.5249367397,118012.240909971,175689.981162937,140861.470633371,0113,-0.871014633831237,16.6895585453541,-2.93803780309652,0.00975243730630847,0.0280081816583671,-3.14799445566865,-1.82894873066219
"AT1G34060.1",12061.080184849,7024.11854161738,12749.2418731415,5915.53817134861,11306.7727621909,8121.89026948381,0114,0.330464257340529,13.1596795245276,0.985514860509511,0.339232671300826,0.372787207266451,-6.25323236937167,1.2574179448413
"AT1G34170.1",2589.49563014162,1734.72403957249,2906.83137673268,6331.87225024353,11482.4312573972,9205.80338778651,0115,-1.89277761333267,12.1484095428401,-5.87662867293007,2.47009483312189e-05,0.000542883886149181,2.73902007926849,-3.71349494214703
"AT1G34180.1",3297.13803951851,2856.63186219193,4461.23011219905,4819.29160389869,8378.57879021505,7633.38355446894,0116,-0.9580910181535,12.2429087162191,-3.03817320990819,0.00792296378441608,0.0241268565844719,-2.94903105962346,-1.94273755254084
"AT1G34390.1",4143.35700414997,2987.26880505567,5907.77260887796,11673.3286581279,21024.3332894498,19494.2768742446,0117,-2.01035349776776,13.0353999317132,-5.97023223217366,2.07092687916301e-05,0.000508159579057746,2.9142640602185,-4.02880924223354
"AT1G34410.1",1367.7260009741,870.726061233381,2270.2680850655,4908.14947685229,9053.04112558244,7772.60175315002,0118,-2.33144657905203,11.6109337132848,-6.38985327381701,9.53598691290319e-06,0.000332444233411901,3.68473068538434,-5.03309761649412
"AT1G34650.1",8433.49035972342,6924.31864535238,9682.74096643914,6155.15490740324,9261.84273309175,7628.41147594462,0119,0.126229837773398,12.9505846460625,0.427283003220996,0.674942821891405,0.704197309527565,-6.65217786897944,1.09143774168494
"AT1G34720.1",12.2996942533643,2.24269429808984,0,0,0,47.2347459810812,0120,-0.0538288890884278,1.83708584334051,-0.0481429117010436,0.962206028410221,0.964113275245523,-6.74616104808516,-1.03801614928875
"AT1G35183.1",1007.75494915898,754.666631307231,1106.05515462437,587.061003333837,432.517615555009,146.676316467568,0121,1.49547134890929,9.13642350186982,3.57957349262133,0.00255057273811535,0.0121240318448534,-1.85103195704642,2.81956255084896
"AT1G35240.1",2898.62794570951,1943.29460929485,3437.65325782392,5154.75503437517,9926.36213476822,7133.68966277434,0122,-1.41182884410282,12.0973514683891,-4.27903596209503,0.000591388059279482,0.00463483199946943,-0.414332414489286,-2.66074240299502
"AT1G35520.1",1799.03527945874,1092.75279674427,2101.081828144,5232.63047359293,9966.1338695319,8254.89337000948,0123,-2.23376146297651,11.7657085891746,-6.59549125354118,6.57871260198122e-06,0.000277128268358459,4.05308772941594,-4.70358723980196
"AT1G35580.1",67836.0937257714,50214.4860078061,75212.8079285628,90589.1038715857,136484.99361964,125030.372611922,0124,-0.864349481118621,16.386955203439,-2.86723932094463,0.0112885492821745,0.0307620574778393,-3.28754774278267,-1.82051860054853
"AT1G35630.1",1268.5084673303,1953.94740721077,3854.27441549314,250.599169790465,472.289350318688,208.827298021622,0125,2.86032188307237,9.62170113221834,7.10434215812259,2.6914473104521e-06,0.000171669792515018,4.93816794951645,7.2617732530611
"AT1G35660.1",10222.6858837795,8450.47211520252,12743.9548026127,14356.0376988729,23970.7559731924,20274.8932025636,0126,-0.88791431110327,13.7780416140372,-2.89017606934648,0.0107667430564313,0.0295147689790049,-3.24244499194891,-1.85049894239511
"AT1G36070.1",8847.58006625335,6756.11657299564,9704.94666266008,10404.3583601053,17222.8183082882,14318.343130423,0127,-0.714919538549667,13.3834849341836,-2.34946258714374,0.0321572634375622,0.0524370860247989,-4.27011712913388,-1.64139167198338
"AT1G42470.1",32743.4260616894,23981.6908030492,35691.9557258039,36554.5314882003,64627.4118353633,53089.3684434731,0128,-0.720608722118724,15.2509774921042,-2.30947970201309,0.0347877300526815,0.0553864489500173,-4.34249180736222,-1.64787718331635
"AT1G43020.1",266.493375489559,191.750362486681,270.698011074415,379.393165419827,901.492654643391,645.127188531083,0129,-1.32832798595803,8.57743376317109,-3.91860478990039,0.00125268363480387,0.00762929611317294,-1.15427966196282,-2.51111480089944
"AT1G43640.1",245272.303004421,198841.201183667,270621.8772588,298174.074331044,501841.406403717,418675.115160362,0130,-0.748976890279515,18.2248949174508,-2.47500244663859,0.0250626021526322,0.0449260474757291,-4.03917394418534,-1.68060058365537
"AT1G43770.1",7570.87180275414,5683.54802493418,7913.6871675036,8117.0169338505,13678.1624474753,10104.5065810581,0131,-0.573292374541936,13.0565064583918,-1.88309452247421,0.078243182490249,0.103403735291035,-5.07202600680179,-1.48791527069177
"AT1G43800.1",2775.63100317587,1799.20150064257,1797.60397979104,26828.0888105162,22298.6859575027,14960.9842796919,0132,-3.31984527495797,12.6818307323396,-10.4139987236996,1.77377783239461e-08,1.79328938855095e-05,9.82543671145831,-9.98557340872941
"AT1G44090.1",13756.7980325795,11434.3768788111,17592.1984775197,9014.58129098846,13901.878455521,11914.3431639122,0133,0.296691585298575,13.6289570159216,0.980161863902963,0.341786428898678,0.375185754198223,-6.25842867954792,1.22832436514764
"AT1G44130.1",69271.0580553306,49448.6059050084,77415.4015108597,141591.526140813,233819.685831284,198574.872104465,0134,-1.54391683315703,16.7432947325704,-4.98234627872566,0.000140954304756406,0.00162734268245531,1.00722940550683,-2.91585066314525
"AT1G44750.1",59275.5065254299,44746.2366354885,59186.6397416728,75883.6250992998,119219.089265358,96434.7059989016,0135,-0.824791845458124,16.1316266165767,-2.77202142630424,0.0137297866038731,0.0341891976761471,-3.47358571951458,-1.77127945649621
"AT1G44760.1",39243.404484784,29985.9441126102,41303.6523850692,47937.324853862,64605.8688123663,54707.7800031407,0136,-0.600504557001935,15.4556732467279,-2.07100577432807,0.0551164859521853,0.0779339402764466,-4.76079596299195,-1.51624675420223
"AT1G45191.1",5205.23060802375,3424.59419318319,4227.54159482622,4039.53880865426,7553.31529386871,5552.5686920392,0137,-0.389503394648676,12.2394538626904,-1.23264430102462,0.235747040385172,0.268401191249334,-5.98700244246036,-1.30994241707973
"AT1G45248.1",7816.86568782143,5896.60398325271,9306.30154478878,10127.8007105756,14493.4830101307,12412.7940359757,0138,-0.69547631333816,13.2286113410269,-2.31904087127248,0.034140965940027,0.0546147414008976,-4.32523907131581,-1.61941900452628
"AT1G46408.1",0,15.1381865121064,7.40189874031604,9.98403066894281,111.029426215271,0,0139,-1.06064920304252,2.89136525551236,-0.888465837698811,0.387624794962391,0.420030726374038,-6.34351509809125,-2.08586993793616
"AT1G47490.1",18337.2041725323,14736.7442327483,22031.2228934978,15973.4506672416,25755.5125707125,20938.6656855609,0140,-0.177652949421365,14.2345332365677,-0.585217593068091,0.566671520481677,0.59864671599475,-6.56969764575021,-1.13104234981616
"AT1G47760.1",5076.49380817187,7233.24978491426,9690.14286517945,6149.16448900188,13406.3889265901,11422.1073900041,0141,-0.467945948247358,13.0249661916518,-1.33355636721288,0.201268568985198,0.23255145513604,-5.86419483866681,-1.38313880761068
"AT1G48150.1",317.332111736798,234.361554150388,256.951627699542,155.750878435508,293.316543882133,33.5615300391893,0142,1.19981025470969,7.46812170388005,2.21985005392532,0.0414323316543874,0.0626129855046123,-4.50249750645038,2.29709457300172
"AT1G48390.1",3786.66587080241,2741.13310584031,3497.92586185221,4350.04216245838,8166.46287147543,5374.81688479461,0143,-0.798071072506302,12.0926597434203,-2.54964561060919,0.0215764569181114,0.0413402616815318,-3.89939970167029,-1.73877477656191
"AT1G48410.1",164112.360483789,123048.786706146,180369.468504021,211612.52843131,324867.129639036,276735.946506844,0144,-0.79496778251325,17.6287570325474,-2.64748111038621,0.0177027894363015,0.0385616596440989,-3.71368689681393,-1.73503862792561
"AT1G48910.1",6495.87852501011,5502.45046036342,7663.08002443862,2882.38965412379,4300.31882132279,4011.22434949866,0145,0.820416204471115,12.2549747739725,2.76894334234503,0.0138166822823004,0.034292302154081,-3.4795657970189,1.76591536971511
"AT1G49290.1",9517.50341325326,7708.14030253478,11501.4932283454,7802.51996777881,11726.0331328247,11024.3411080581,0146,-0.0858210456924624,13.2490879555624,-0.285344451482545,0.779089264062985,0.801305158783457,-6.70478351727825,-1.0612915564038
"AT1G49490.1",6039.14987840185,4886.83087553776,5439.33816002653,10681.9144127019,13857.1352539118,15507.9129173676,0147,-1.27914841019538,13.0478501713899,-4.4309420448544,0.000432171001176322,0.00370910825217038,-0.104113761149319,-2.42695676896262
"AT1G49600.1",12835.140943194,10619.1575014554,14632.496395499,14100.4465137479,19239.5766919297,16923.712277169,0148,-0.400945098868528,13.8202820000333,-1.38507193728511,0.185288381415655,0.216562489723962,-5.79854104304755,-1.32037259385492
"AT1G49640.1",25944.9750580466,20515.6067653513,30654.434925966,27328.2887470303,46678.7593676379,36278.7709527325,0149,-0.501321538219207,14.8811884055883,-1.62902559324456,0.123091991946299,0.150633062313447,-5.46227164100362,-1.41550960448432
"AT1G49860.1",23796.6284617923,21272.5160909567,24364.9358249089,38752.0166384346,67628.5206544059,58129.8130475069,0150,-1.20884096272411,15.1003801759291,-4.01967101033783,0.00101417459322632,0.00674559548520925,-0.946452068437595,-2.31151858594807
"AT1G51000.1",14594.817201042,10752.5978121917,15344.1360886751,16202.0849695604,27074.6084403745,24212.7793938284,0151,-0.713644902814311,14.0672534471834,-2.32431374586975,0.0337891178536287,0.0543096949920804,-4.3157096627688,-1.63994212619297
"AT1G51010.1",37000.7602325872,25840.3237025911,40571.9218238837,47249.4251407718,74006.9126171309,61781.8047236231,0152,-0.825807041529131,15.4598795927468,-2.69506941027528,0.0160689016905604,0.0365983651233764,-3.62240365329059,-1.77252630958703
"AT1G51300.1",3105.26280916603,2540.97263973579,3435.5384296124,4737.42255241336,6655.13695045562,6033.61728926758,0153,-0.936756587915568,12.0215240754877,-3.22326398910764,0.00538527554283154,0.0193754931452053,-2.57717029947294,-1.91421992119256
"AT1G51355.1",17691.8802140391,16320.6470807743,18864.2676467483,28138.9920373484,48627.5743710582,31626.148473596,0154,-0.996633853769692,14.6012586875946,-3.3137098173388,0.00445618159610155,0.017327690744841,-2.39389257078064,-1.99533897021514
"AT1G51840.1",0,0,0,2.99520920068284,29.8288010727593,113.114786428379,0155,-4.59293995294398,2.29646997647199,-6.04873385313232,1.7879839183495e-05,0.000491411822720237,3.0602951809345,-24.1330767524926
"AT1G52460.1",618.264631135776,414.337771572098,579.46292995617,571.086554263529,1012.52208085866,558.115814355407,0156,-0.37288037979827,9.23764473443489,-1.16194225174878,0.262521863142282,0.295227590252333,-6.06830321628681,-1.29493562558545
"AT1G53520.1",9924.21330323117,9318.39480856329,11785.9376227946,13746.0134250005,22036.8553703085,18325.8384210284,0157,-0.782797618812774,13.7206668981304,-2.64655618944836,0.0177360749104906,0.0385616596440989,-3.71545512605343,-1.72046389770566
"AT1G54170.1",33091.0974192512,25299.273703177,37692.5832139008,39072.5040229077,61230.242824299,55554.2763719069,0158,-0.691474623375246,15.2934359156471,-2.27941035247522,0.0368972418743346,0.0574778297919141,-4.39652330974508,-1.61493334862429
"AT1G54280.1",7203.520934387,5269.21025336208,8816.71881382216,8636.18652863553,15327.0322845528,13887.0153184379,0159,-0.819087364344018,13.1710507975594,-2.54853632672725,0.021624706619767,0.0413402616815318,-3.90148946267763,-1.76428956609377
"AT1G54570.1",31605.2943534448,24117.3738080836,33778.0361943794,33208.8828110376,53012.4081287538,43769.2072496271,0160,-0.527148813267109,15.1134443524765,-1.75466758468503,0.0986971555502057,0.125355306860877,-5.27400625555367,-1.44107838768192
"AT1G54575.1",129465.761731295,92098.4840453574,127692.269997403,74998.0415789646,129211.737624733,112337.899158953,0161,0.161326432665444,16.7311536678534,0.522040884533591,0.608888130818231,0.641903962729126,-6.60567659526081,1.11831485883881
"AT1G54760.1",30.3392458249652,22.9876165554209,0,73.8818269501768,319.831033724585,331.88624149865,0162,-4.45899419439063,5.41420258659379,-4.84311970053559,0.000186483537425343,0.00204929191670676,0.729219939757994,-21.9933306246941
"AT1G55050.1",5817.75538184129,4332.32471033505,6602.49367636191,7968.25487688326,13825.6492972239,11542.6802942189,0163,-0.977813803369843,12.9144960027764,-3.13913849001917,0.00642012107205999,0.0212115764831786,-2.74677465274063,-1.96947868518107
"AT1G55130.1",40714.4479174864,30714.2590859149,46106.4272534286,54747.4321731479,87272.443316433,72614.7208084948,0164,-0.863037097343822,15.6690745927098,-2.84141535517462,0.0119054806623017,0.0316748446041763,-3.33819781436932,-1.81886327310353
"AT1G55560.1",8574.52685382867,7069.5331011537,9015.51266570493,9866.21910704928,13273.8164773779,14102.0577146149,0165,-0.585528596795589,13.2900865333799,-2.01710710340498,0.0610165268758094,0.0846196278071924,-4.85185354843483,-1.50058869733818
"AT1G55650.1",4121.21755449392,3051.18559255123,4248.68987694141,8556.31428328399,14133.8802416424,14197.7702262081,0166,-1.66847300264851,12.7135610861316,-5.39294546718071,6.25648823116132e-05,0.000976406133452616,1.81471086442962,-3.17877962568121
"AT1G55730.1",26628.0180789167,18599.7851612081,27506.5131331202,26739.2309375626,45051.4325535574,37488.2290537744,0167,-0.576301539839404,14.831925972139,-1.86451649393298,0.0809473214260642,0.105597086402259,-5.10180990191043,-1.491021994961
"AT1G55910.1",70553.506176148,48146.7218649672,65840.9467092169,70792.7678612059,117757.478012793,86182.2800817448,0168,-0.561192212518195,16.1700460715816,-1.83231290760448,0.0858322173225567,0.110543148679114,-5.15299278707232,-1.47548802556685
"AT1G55920.1",18275.7057012655,14333.6199326667,18099.7572482842,24574.6930885358,41216.7744600927,35693.3087064933,0169,-0.976877671091607,14.5246711356538,-3.24204467732843,0.0051777766125573,0.0190353896556198,-2.53918770473288,-1.9682011494023
"AT1G55950.1",53.2986750979118,54.9460103032011,38.0669078073396,84.8642606860139,26.5144898424527,0,0170,1.88352602318896,4.67713152222032,1.86269481320658,0.0812169069983566,0.105676052735313,-5.10472033654124,3.68975755442021
"AT1G56233.1",106416.134700491,71645.6727203526,118493.824691402,249922.25251111,451052.901110499,379718.879922281,0171,-1.85539812854485,17.4885149143091,-5.76755572742705,3.03780140283221e-05,0.000611401070262485,2.53329685768328,-3.6185159442064
"AT1G57590.1",5724.27770551572,3231.72248354746,4681.17224619701,4373.00543299695,5370.84134871182,4396.5604351338,0172,-0.0846005896746114,12.1538423611608,-0.278722598637862,0.78407497375981,0.804863986857017,-6.70673260108512,-1.06039413046252
"AT1G57800.1",14562.0180163664,12687.4823178688,19400.3765983683,6741.21750767019,10557.7384241416,8701.13741756759,0173,0.844271219106064,13.479572738704,2.78210484406178,0.013448814073611,0.0337388362988107,-3.45398032364433,1.79535758742712
"AT1G57820.1",15482.035146518,13933.8596740322,18902.3345545556,22733.6378331828,31061.7248504333,30854.2332826947,0174,-0.805854693111161,14.366648904285,-2.76815475312892,0.0138390299494214,0.034292302154081,-3.48109750590136,-1.74818115679001
"AT1G59670.1",4000.68055081095,6153.95315395852,8180.15552215498,1872.00575042678,3267.91087308229,2558.13440076487,0175,1.22827907259182,11.9031975837353,3.67970269761973,0.00206695282604197,0.0107242368851422,-1.64552637425068,2.34287352026591
"AT1G59800.1",2791.21061589679,3447.02113616408,4810.17676709966,2503.99489177086,4229.0611298712,3816.07026741893,0176,0.0652047578480204,11.7777039698355,0.204446034607075,0.840616921276455,0.854134379307031,-6.72548344659149,1.04623341836615
"AT1G59810.1",25.4193681236195,65.5988082191278,34.8946654900613,86.8610668198024,81.2006251425113,212.556356914865,0177,-1.53668551515509,6.08389144423417,-3.79613124258661,0.00161900054200444,0.0091441874188072,-1.40619918344728,-2.9012719150534
"AT1G59890.1",36879.4032492874,27322.183960054,44073.0199280532,39710.4835826531,64292.6664011023,57192.5762456718,0178,-0.572392490929898,15.3982114680538,-1.84444189140109,0.0839625092953171,0.108688984503925,-5.13378243311902,-1.48698747026919
"AT1G59930.1",6259.72439534551,9375.58351316458,13510.5800292883,7792.53593710986,19146.7759774811,17557.6522890203,0179,-0.574658911315243,13.4636192179121,-1.51340422043991,0.149934576474835,0.1781243910882,-5.62669578092118,-1.48932530826542
"AT1G60040.1",4014.62020429809,4229.72144619744,4266.66591673932,7861.42574872557,9928.01929038338,11511.6048034419,0180,-1.21059810970953,12.6310745961399,-4.23709839251481,0.000645083060436384,0.00496981189917395,-0.500194962068091,-2.3143356417277
"AT1G60220.1",30566.3801788439,22407.8800793646,33402.6541868348,35891.5918517825,56373.1197162847,48199.3292148001,0181,-0.697230904459785,15.1416842963025,-2.29990594643749,0.035446819876941,0.0559948982743552,-4.35973251381408,-1.62138972368707
"AT1G60400.1",1967.13110092139,1642.21289977629,2941.72604222275,2013.77898592576,3587.74190680688,3016.80864463379,0182,-0.399034038226235,11.248800962276,-1.22558219290254,0.2383226070391,0.270723770468011,-5.99530181807854,-1.31862472509853
"AT1G60410.1",515.767179024408,477.133211918614,559.37206194674,435.303737165907,646.290689909784,539.470519889191,0183,-0.0468834723175746,9.0384019578178,-0.162827479077058,0.872719906177248,0.885863278258231,-6.73348285636953,-1.03303094554277
"AT1G60440.1",21487.5658606274,16163.0978063335,23207.0673791023,27138.5921643203,45137.6046455454,39578.9880732528,0184,-0.862847821341056,14.7227991490088,-2.82054745085641,0.0124278155606944,0.0323673079855008,-3.37902350658036,-1.81862466093818
"AT1G60740.1",64219.9836152823,48741.5965275355,73656.2943648849,78613.2590841888,95087.5891974959,86442.0711846408,0185,-0.495585765504918,16.1518573528034,-1.70681372324996,0.107441807165337,0.134435231490291,-5.34684283108699,-1.40989308614397
"AT1G60880.1",303.392458249652,96.4358548178631,101.511754152906,882.588311134544,1269.38120120742,709.764209347299,0186,-2.67856277159463,8.51788644852372,-6.63744661404786,6.10318366053857e-06,0.000268274725252369,4.12748902246468,-6.40217792388571
"AT1G60920.1",162.355964144408,173.24813452744,249.549728959226,235.62312378705,460.689261012615,241.14580842973,0187,-0.630376651774158,7.90379762122584,-1.90418466376834,0.0752713436344208,0.100380769638356,-5.03799083338887,-1.5479690769973
"AT1G60970.1",2181.14578092993,2317.82455707585,3323.4525344019,2679.71383154425,5506.72810915439,5464.31429823245,0188,-0.754040363507649,11.7002237779904,-2.2322939649891,0.0404440212820908,0.0614707971253388,-4.48047427053626,-1.68650940474989
"AT1G61090.1",51687.415150721,43355.2054970983,59383.318765344,61545.5586556311,117475.761558217,98197.3078357746,0189,-0.805172789011459,16.0423526021804,-2.56043567659954,0.0211124560361604,0.0412204210095007,-3.87905330099171,-1.74735505689959
"AT1G61097.1",26050.7524286255,20998.3467130152,26885.8110530394,26104.2465870179,52120.8584078014,37707.0005088447,0190,-0.600825147410646,14.8809994602237,-1.90799997632468,0.0747446397409504,0.0999561253678583,-5.03180853095049,-1.5165837264423
"AT1G61330.1",12274.2748852406,12816.9979135834,18152.6279535722,9138.38327128335,17981.7955800284,16397.9149732217,0191,0.0279325890536644,13.7784741409045,0.0855075969762376,0.932932694661921,0.93663848490884,-6.743542683281,1.01955004268822
"AT1G61800.1",286232.744806975,215771.300439947,238316.818913744,340030.126104453,499448.473695436,340632.127622936,0192,-0.658211345968475,18.2319429015318,-2.22927774909462,0.0406815417734008,0.0616627267359943,-4.48581817268961,-1.57812485037644
"AT1G62000.1",722.402042480927,1108.4516568309,1791.25949515648,571.086554263529,686.062424673463,922.320566262165,0193,0.662257986013206,9.80948726395899,1.90067632542547,0.0757585988989066,0.10077887300894,-5.04366894048024,1.58255757361923
"AT1G62220.1",0,186.704300315979,466.31962063991,0,0,14.916235572973,0194,4.14271881360554,3.40216849087818,2.64262881535831,0.0178780810575468,0.0387869955990984,-3.72296075922693,17.6637384936339
"AT1G62225.1",875.738230839535,546.656735159399,621.759494186547,168.730118305133,154.115472209256,430.084792354055,0195,1.57317877508587,8.59863119631492,4.18019406610134,0.000725964584978325,0.00543666811417101,-0.616826994398705,2.97559623031137
"AT1G62305.1",5634.07994765772,4673.77491721923,5717.43806984126,9254.19802704309,13151.1869618565,12390.4196826162,0196,-1.10793670707843,12.9314040135779,-3.83694799965747,0.00148625523901258,0.00868557252394055,-1.32224773252465,-2.15537172903152
"AT1G62333.1",742940.891924812,641410.569253694,776406.307153864,1457353.98069958,1850782.64869465,1561457.64319107,0197,-1.16961792744547,20.0382205878798,-4.1518040047765,0.000770096124901582,0.00560120275018345,-0.675064580528371,-2.24952114414438
"AT1G62340.1",7119.88301346412,6818.91201334216,9145.57460071334,17466.0632522486,27150.8375986715,23827.4433081933,0198,-1.55637168854926,13.6756504062656,-5.23510563036385,8.52858134053333e-05,0.00118115010072318,1.50662523580166,-2.9411323134177
"AT1G62660.1",14371.7827452477,9577.42599999266,18034.1975737271,16280.958811845,21264.6208536471,17402.2748351352,0199,-0.426380304180684,13.9382409135739,-1.37324659340609,0.188862746111346,0.219977230781763,-5.81378462262017,-1.34385762900378
"AT1G62790.1",162237.067099959,122821.713908465,151713.546237941,258207.001160199,375973.808810364,299621.180934678,0200,-1.08875498849633,17.6860343594303,-3.73556347168951,0.0018383018752132,0.00983345606264839,-1.53073567917483,-2.12690410504527
"AT1G62800.1",49311.1142209711,36447.7070589816,51354.3734603127,62391.2060532905,99508.8803787249,82154.8964770421,0201,-0.822081579291332,15.8748614976382,-2.72831510193259,0.0150146414939905,0.0353683834175625,-3.55828726798485,-1.76795503089185
"AT1G63010.1",33948.7960985191,23046.4872807457,36329.5764315769,32540.9511592853,47934.8833239241,43331.6643394866,0202,-0.416555026540882,15.1057221052663,-1.36861170147277,0.190278832728716,0.221117126308887,-5.81973135455422,-1.33473656420281
"AT1G63020.1",11810.9864016972,9675.54387553409,13876.445309881,16889.9846826506,26937.0645243168,23903.2675056893,0203,-0.925870152762823,13.9724999134116,-3.06903337130814,0.007430257300926,0.0231851547260376,-2.8873746519496,-1.89982976720811
"AT1G63055.1",144880.558549228,99262.2103070309,148230.424173569,135807.777174295,233209.852564908,195205.045884605,0204,-0.512051024093608,17.2296847575249,-1.64235560272626,0.120278640244297,0.147600884870343,-5.44275874647267,-1.42607615280222
"AT1G63090.1",45548.2277590585,33979.0613103592,50075.9598064495,56347.8722893794,91904.1932607865,67559.359968888,0205,-0.724816036699881,15.7422077407953,-2.37833848360805,0.0303749238913395,0.0507073526154838,-4.21748297911171,-1.65268988236438
"AT1G63220.1",92073.871221451,68166.1325168662,96123.1718699556,118535.404117024,184655.193040916,160783.346260707,0206,-0.848100017056801,16.7906900664105,-2.82470555319165,0.012321992888937,0.0322734062453764,-3.3708961853868,-1.80012865195393
"AT1G63690.1",121133.948844066,92099.0447189319,143718.438184293,144957.142879314,237258.283732727,207820.452120447,0207,-0.718767125844796,17.1960720780746,-2.32919788005988,0.0334662433670808,0.05413499527059,-4.30687352379722,-1.64577501459055
"AT1G63960.1",562.506017187192,556.748859500803,629.161392926863,652.95560574886,1678.69863815029,1031.7062937973,0208,-0.839304422122773,9.60676441549654,-2.47644373700927,0.0249904890715069,0.0448763489365782,-4.03649167701339,-1.7891872989604
"AT1G64410.1",82.817941305986,76.812279709577,106.798824681703,140.774832432094,253.544809118454,161.592552040541,0209,-1.02034669178723,6.98461026691834,-3.28389809428434,0.00474338528540089,0.0180044282165294,-2.45439945391144,-2.02840634417018
"AT1G64610.1",7341.27751002468,5526.55942406789,8725.78120072685,8733.03162612428,14382.4535839154,13464.3886438703,0210,-0.751950011811811,13.1645325904957,-2.41194197772192,0.0284179290598613,0.049028201842184,-4.1558585899916,-1.68406755466004
"AT1G64630.1",21358.8290607755,16392.4132983132,22976.5511040467,29315.1108501499,45202.2337145364,38289.9767158217,0211,-0.885627582650942,14.7332733108419,-2.97061517230241,0.00911601718706473,0.0265028906309473,-3.08345876149704,-1.84756815202248
"AT1G64750.1",94610.0681764947,70889.8847418963,105353.33959913,121382.849663806,179425.209919492,156959.817875502,0212,-0.758122979843915,16.8217028493801,-2.53759186911686,0.0221062962788841,0.041696764063343,-3.92208767527795,-1.69128873935981
"AT1G64900.1",58819.5978584385,49934.1492205448,60560.2206650543,89230.2772975426,119565.434788925,99292.408130757,0213,-0.858072187291787,16.2083389447959,-3.02055144707067,0.00821853524396417,0.0248028033780531,-2.98416939485378,-1.81261457100558
"AT1G65060.1",188309.138998624,144353.821864425,188817.149794933,303989.772195703,461715.040338395,362749.175918762,0214,-1.10342742401278,17.9479299950898,-3.74390582735776,0.00180640705157425,0.00978404565479847,-1.51358631675571,-2.14864542329507
"AT1G65300.1",23562.9342709783,23277.484793449,32207.7762473266,25486.2350886103,39803.2207203669,35912.0801615636,0215,-0.348058083391827,14.8427519002428,-1.15714268045419,0.264420011715609,0.29637320603601,-6.07367677283106,-1.27284617946342
"AT1G65330.1",108243.049286924,87339.4867448108,135343.718466679,38469.4685705035,57949.0747062955,51439.8813930285,0216,1.15998526053889,16.1481974381557,3.8414854477477,0.00147219255305584,0.00865341087871775,-1.31291441622616,2.23455144647395
"AT1G65360.1",4055.61918514264,3630.92206860745,6521.07279021843,2970.24912401049,6857.30993550433,5822.3039519838,0217,-0.101472978010044,12.2119679953579,-0.285313252639745,0.779112731042669,0.801305158783457,-6.70479280657575,-1.07286829192844
"AT1G65770.1",38536.582055024,26388.6624584741,45807.1790614987,49070.512334787,76709.7334254459,66298.9380629718,0218,-0.807159181061088,15.5385733596688,-2.57769728354654,0.0203899102569352,0.0412204210095007,-3.84643218089914,-1.74976258079682
"AT1G65860.1",1003.65505107452,715.419481090659,1592.46564327371,867.61226513113,1261.09542313166,894.974134378381,0219,0.0745368040030066,9.99443075694467,0.223922166323627,0.825689415888743,0.841504031717257,-6.72112057203244,1.0530228949864
"AT1G66630.1",5064.19411391851,3810.33761245464,5655.05063760145,4339.05972872255,5813.30189795775,5533.92339757299,0220,-0.118391408852322,12.2818833238665,-0.402439865589274,0.692755963598149,0.721293799379741,-6.66287077131662,-1.08552383883206
"AT1G66855.1",14311.1042535978,10531.6924238299,14397.7504640205,41286.9620252792,74308.5149390888,64208.1790434934,0221,-2.16799800683557,14.7443959474201,-6.96041311322139,3.4532222450575e-06,0.000173644862466018,4.69164488649471,-4.49399340341738
"AT1G67390.1",5151.11195330895,3783.98595445208,5890.85398318581,2232.42925757561,3304.36829661567,2676.22126571757,0222,0.846455199023788,11.8239478739194,2.80969087733528,0.0127082841571765,0.0324446345527915,-3.400225571376,1.79807749299625
"AT1G67500.1",9873.37456698393,7704.21558751312,11558.5935900564,11642.3781630542,19633.9797283362,16764.6057643906,0223,-0.707893744545196,13.5799123125745,-2.29769710719829,0.0356005328695498,0.0561499824198359,-4.36370529019749,-1.63341767548534
"AT1G67820.1",21549.8843115111,27514.4949961152,43019.8354787168,44974.0645513198,76689.8475580641,75898.778673811,0224,-1.11974951662282,15.4052627694622,-3.33237849045784,0.00428518010323738,0.016923113610832,-2.35595697328802,-2.173092395982
"AT1G67830.1",99839.0781934083,71492.0481609334,108444.161030264,47035.7668844565,73468.3370422061,60464.2039146772,0225,0.629759832701371,16.1716043973321,2.07308389756013,0.0548997929376689,0.077736261428548,-4.75725773214966,1.54730738985029
"AT1G68340.1",11510.8738619152,8348.42952463943,11727.7798469779,13195.8933351417,22451.1442740968,17407.2469136595,0226,-0.731299115416382,13.7110036571909,-2.38808283928467,0.0297947380065279,0.0502879467856422,-4.19965390220009,-1.66013333261754
"AT1G68725.1",439746.048762831,226833.390065275,468166.923082672,880182.159743329,916963.859466462,876170.976419017,0227,-1.30684830686389,19.1115110838156,-4.0643575892885,0.000923903080883368,0.00625422455380336,-0.854617272438197,-2.4740048128054
"AT1G69520.1",14732.5737766797,13595.7735085951,17776.1885319218,21092.2631912086,34457.2367058824,28035.0647594028,0228,-0.838838701966825,14.3179313757144,-2.81264664842991,0.0126313226619585,0.0323673079855008,-3.394455754659,-1.788609819947
"AT1G69530.1",63258.1475246692,43786.9241494806,56176.1817825757,56086.2906858531,60328.7501696556,60475.3910913569,0229,-0.131708043161275,15.7808302088707,-0.461457354006395,0.650763730659832,0.681784592432217,-6.63644786493917,-1.09559003048801
"AT1G69828.1",7675.00921409929,4266.1652285414,7500.23825215166,21378.8048714072,30564.5781658873,26605.5921836595,0230,-2.04832046137574,13.6368655762556,-6.47450708824114,8.17880676063512e-06,0.000320584158622954,3.83711106388957,-4.13624161348099
"AT1G69860.1",1744.09664512705,1755.46896182982,2682.65958631168,1493.61098807384,2744.24969869385,1596.03720630811,0231,0.109360455373194,10.9244996241725,0.337191040648833,0.740413378489947,0.764760588918298,-6.68796043578912,1.07874992221261
"AT1G69900.1",6836.17006601985,8891.16154477717,10873.3892495243,11210.069635089,14354.2819384578,13025.6027140987,0232,-0.554984941632641,13.36620873535,-1.87953929601663,0.0787543460061716,0.103943399232689,-5.07774004807369,-1.46915329866849
"AT1G70380.1",9028.79556158625,7174.93973316392,11829.2916011308,12542.9377293929,23135.5495431551,17215.821890473,0233,-0.901497446530627,13.6106246173534,-2.81685390634192,0.0125225541665256,0.0323673079855008,-3.38623963676093,-1.86800387337308
"AT1G70440.1",6680.37393881057,6034.52968258524,7939.06510604183,8262.78378161707,14697.3131507946,12727.2780026392,0234,-0.757190170632699,13.1186380468186,-2.46824733013929,0.025403223598506,0.0451852590861464,-4.05173635952619,-1.69019554936026
"AT1G70560.1",2425.49970676343,2011.13611181206,2745.04701855149,2787.54136276883,3516.48421535529,3561.25124304731,0235,-0.460627659555142,11.4444184190507,-1.60278483973845,0.128795057232448,0.157070932282274,-5.5003536065874,-1.37614039218202
"AT1G70580.1",43943.5276488029,31536.2065461648,45212.9123340619,42256.4114032335,68032.8666245033,57004.8802813785,0236,-0.462354355896842,15.5087246092832,-1.52285474276189,0.147569762024361,0.176142891861428,-5.61358883636991,-1.37778841830672
"AT1G70890.1",66608.5842392857,47551.8472023989,76402.3987975421,72473.080222789,122649.401388725,101991.003749834,0237,-0.635143664396804,16.2449169847891,-2.029578717852,0.0596023871444989,0.0831824834313299,-4.83090684094325,-1.55309240013082
"AT1G71100.1",25881.0166479291,19898.3051598021,25441.383384572,31832.0849817904,45798.8097359915,35887.219768942,0238,-0.665825676298676,14.857925855482,-2.28663946357766,0.036379443293464,0.0569189068190122,-4.38356516435128,-1.58647597776334
"AT1G71210.1",10808.9713098565,8860.88517175296,12279.7500101843,12843.457052528,22171.0849751359,17995.1951991609,0239,-0.70771178861826,13.719717241883,-2.32025303068647,0.0340597785525794,0.0545712141309949,-4.32304931835328,-1.63321167818364
"AT1G71270.1",24701.8859588399,18619.4087363164,29050.3377275289,29043.5452159546,48852.9475347191,44455.3540859839,0240,-0.746321027037833,14.9075958716928,-2.39209525331007,0.0295588835447626,0.0501469425739599,-4.19230271293718,-1.67750960509085
"AT1G71691.1",24284.5163338424,20785.8514282712,27928.4213613182,39123.4225793193,57930.8459945288,56947.7013783488,0241,-1.06484531549748,15.092652735542,-3.60123522590549,0.00243714675331448,0.0119609483864123,-1.80660742354604,-2.09194557098276
"AT1G71850.1",13174.6125045869,10612.9900921356,14081.5836463984,14819.2967219118,25417.4528252212,22390.5126146636,0242,-0.699551120769272,13.9634043329348,-2.2967451945877,0.0356669683582774,0.0561671417604649,-4.3654168056695,-1.62399942393366
"AT1G71940.1",19418.7572872115,14523.6882744298,21522.6067086275,23785.9546656894,39214.9304769875,34332.2022104596,0243,-0.79975420469909,14.5549068890005,-2.60793325531201,0.0191808740088575,0.0399832239648556,-3.78908403449928,-1.74080451642207
"AT1G72350.1",24.5993885067285,0,0,46.9249441440312,177.315650821402,48.4777656121623,0244,-4.67055512366274,3.89462337644123,-5.25589892604741,8.18606418642771e-05,0.00117875358027892,1.54738293461337,-25.4669648350047
"AT1G72470.1",18560.2386283267,12272.5838727221,19585.4240668762,22122.6151562435,37348.9732543249,27419.7700420176,0245,-0.78141995271859,14.3976568856838,-2.48828306069796,0.0244055299728088,0.0440638738567175,-4.01443316059019,-1.7188217672642
"AT1G72520.1",10045.570286531,7448.54843753088,14679.0226161525,17115.6237757687,19572.6649705755,18823.0462734609,0246,-0.840368898165817,13.7531575451796,-2.71095456166887,0.0155565596510837,0.035907949331611,-3.59180268410272,-1.79050791749669
"AT1G72540.1",2294.30296806088,1509.89393618899,2280.8422261231,2193.49153796674,3256.31078377622,2331.90482790811,0247,-0.358469836965186,11.1397812113919,-1.17553302709185,0.257202975101296,0.289890978625875,-6.05298589527882,-1.28206538150022
"AT1G72580.1",5303.62816205067,5429.00222210098,9818.08997197634,4950.08240566184,10208.0785893443,9310.21703679732,0248,-0.244900244050774,12.802832319085,-0.696534367610146,0.496220970650433,0.526974161058391,-6.49680044532812,-1.18501082987723
"AT1G72790.1",27196.2639534221,22513.2867113749,32222.5800448072,42269.3906431032,60857.3828108895,50347.2671373082,0249,-0.904875495403342,15.1742898211407,-3.07775206254768,0.00729659207528818,0.0229808554146927,-2.86992839132846,-1.87238290123296
"AT1G72810.1",91577.783553232,70062.3305459011,96191.9037868299,126877.061740925,179072.235773465,153330.200552745,0250,-0.832274834129674,16.7937176103264,-2.8497640294762,0.0117025329671052,0.031466119228041,-3.32183840697662,-1.78049061855648
"AT1G73390.1",32815.5842679758,25803.3192466727,34224.2649470098,39197.3044062695,62434.9949565155,53193.7820924839,0251,-0.722451540044602,15.2679712707839,-2.42362116796943,0.0277660719058101,0.0481500835279142,-4.13434875220589,-1.64998343434818
"AT1G73500.1",14768.6528798229,11875.0663083857,18983.7554406991,27891.3880767586,24777.790757772,29270.6262726974,0252,-0.867648585470402,14.3000481349234,-2.95998887038678,0.00931901651997076,0.0269957756495428,-3.10453075090816,-1.82468646219088
"AT1G73560.1",45508.8687374477,38201.4940000878,47373.2093521284,58432.5378930547,88052.9636111702,67712.251383511,0253,-0.693558221633808,15.755807529282,-2.38128056198649,0.0301986388638045,0.0507073526154838,-4.21210345539596,-1.61726738543017
"AT1G74000.1",8531.06793413345,6413.54501896242,9446.93762085478,12094.6547523573,16084.3524006779,15872.1176692744,0254,-0.85945479369906,13.4002589586619,-2.92096767298083,0.0101030233277606,0.0287722720686366,-3.18173148373539,-1.81435252234536
"AT1G74090.1",36921.2222097488,31253.066391031,43598.2409945672,40866.6343341167,60136.5201182978,53823.993045442,0255,-0.464888008484522,15.404435154904,-1.57822823772809,0.134334536302699,0.162454804069412,-5.53558970509498,-1.38021020820786
"AT1G75580.1",110818.605263578,96512.1064239982,104056.949905469,120372.465760109,175782.781877386,149057.942080719,0256,-0.50093506862466,16.9115737090046,-1.7480422447668,0.0998695033560095,0.126526400868328,-5.2841713247712,-1.41513046811675
"AT1G76250.1",55338.7843847364,44832.0196923904,59872.9014963107,91265.0227478731,136703.738160841,112163.876410602,0257,-1.0786040991584,16.2319497555257,-3.67691575551359,0.00207908054350927,0.0107242368851422,-1.65125116297854,-2.11199160360868
"AT1G76290.1",25386.5689389438,18025.6554208971,23250.4213574384,20940.5059250406,37695.3187778919,28861.6728140717,0258,-0.366140276159557,14.6079734888753,-1.18338688538825,0.254166904904927,0.287109207663555,-6.04406635911055,-1.28889994674374
"AT1G76820.1",24428.8327464152,19723.9356781256,31097.4914362792,26054.3264336732,40469.3972776586,37412.4048562785,0259,-0.465497142302825,14.8222973441257,-1.52023452093981,0.148222270766568,0.176713108189859,-5.61722888407617,-1.38079308276011
"AT1G77000.1",23617.0529256931,17071.3889970599,23878.5253362595,24822.2970491256,39957.3361925762,33111.5569327379,0260,-0.590080177527957,14.6718621840554,-1.95141226576033,0.0689801394139457,0.0941146031680149,-4.96092945423242,-1.50533040356389
"AT1G77510.1",297789.537527436,222920.449188683,329955.497561174,430849.861084491,677239.728178387,586869.344461575,0261,-0.988929978415349,18.5884751894283,-3.26744125738402,0.00490970827672935,0.0182459503414993,-2.48776117415098,-1.98471241849278
"AT1G77850.1",53946.4589952556,43140.4675180562,56072.5552002113,74045.5650531475,109889.303152045,86158.6627087543,0262,-0.80849559724307,16.0346104461673,-2.76600429876087,0.0139001489952753,0.034359537002991,-3.48527368090491,-1.75138419476899
"AT1G77960.1",4694.38330670069,4080.58227537447,6038.89195799213,12662.7460974202,23490.1808447979,21208.4009455055,0263,-1.92280580345157,13.2121519259228,-6.04560921261169,1.79844089422836e-05,0.000491411822720237,3.05449910952496,-3.7915974514011
"AT1G78370.1",29123.2160531159,23030.7884206591,35620.0515666123,47343.2750290599,64720.2125498118,49488.3405722312,0264,-0.888656891286194,15.2582327466648,-2.98978393419399,0.00876070349398384,0.0258223651090894,-3.04539614426268,-1.85145167149774
"AT1G78830.1",53493.0102671149,37160.8838457741,104545.475222329,132617.879375567,232305.045599034,271137.386088455,0265,-1.77628433740078,16.7422790539427,-4.61396271253482,0.000296952278133788,0.00300218753193259,0.267627821997335,-3.42542818131336
"AT1G78955.1",838.839148079442,793.913781523804,818.438517857802,1137.18109319259,1935.55775849905,1426.98653648108,0266,-0.841481391419093,10.0964459315134,-2.84344740995023,0.0118557710389103,0.0316258166763543,-3.33421732288274,-1.79188914923898
"AT1G79520.1",9441.2453088824,7350.43056198945,10121.5678203293,6963.86139158761,11606.7179285337,9377.3400968757,0267,-0.0365937709353723,13.1363006331149,-0.120983608836595,0.905230195455045,0.913361005593863,-6.73970328695671,-1.02568929463899
"AT1G79530.1",90334.6944540253,71588.4840157513,95147.1786503396,113910.801111169,173277.162587274,148749.673212211,0268,-0.75148922417193,16.7518636169739,-2.54922320502974,0.0215948178654318,0.0413402616815318,-3.90019550785664,-1.68352976005981
"AT1G79840.1",101120.706334609,82508.7232267252,102187.441766486,162467.135866506,231179.836936345,197839.004482865,0269,-1.04118400097844,17.05355273695,-3.61417406708264,0.00237181938363787,0.0116971190090629,-1.78006223529637,-2.05791586514479
"AT1G80190.1",4753.42183911684,4103.00921835536,5779.82550208107,6080.27467738617,10725.1111412721,10366.7837232162,0270,-0.861295056982858,12.6689582827679,-2.75215188392293,0.0143001548909524,0.0348372448066335,-3.51214889353883,-1.81666833867447
"AT1G80510.1",24026.2227545217,17398.2616910065,29194.1460459122,32587.8761034293,46808.0175056199,42024.0076875893,0271,-0.797663216065182,14.8896854934946,-2.61520458032449,0.0189005223353498,0.0395619629007012,-3.77525389187168,-1.73828328651116
"AT2G02147.1",54422.0471730524,41660.8499548914,56378.1478767757,69806.3456311143,98733.3315508332,84382.3876559394,0272,-0.728594457245265,15.9847117119423,-2.49831293373612,0.0239201668319725,0.0435734930939174,-3.99571088421121,-1.6570239527158
"AT2G02490.1",232865.191421244,175425.230017311,270235.921110198,837236.850223939,1378915.87305782,1178300.57096922,0273,-2.31504918867079,18.9220285594441,-7.51695211077401,1.33776059132351e-06,0.000138488731428053,5.62825576737377,-4.97621627433807
"AT2G02880.1",8395.77129734644,7146.9060544378,9505.09539667155,9397.96806867587,16599.7277969905,13235.6730317514,0274,-0.618645786391498,13.3271765932467,-2.02914431883908,0.0596511379700437,0.0831824834313299,-4.83163769560612,-1.53543324052752
"AT2G02960.1",22409.2229500128,15865.9408118366,21180.0045383615,29958.0824252298,48557.9738352218,39399.9932463771,0275,-0.97600378570689,14.7466982770741,-3.23036702461771,0.00530584824287096,0.0192484785567267,-2.56280974719418,-1.96700930958055
"AT2G03040.1",27231.5230769485,19680.7638128874,31279.3666624698,34005.6084584192,58036.9039538986,45027.1431162812,0276,-0.802063313134598,15.0445599004666,-2.56932499571884,0.0207373617946636,0.0412204210095007,-3.86226512289527,-1.74359299553298
"AT2G03090.1",23537.5149028547,18479.2403426858,17613.3467596349,23079.0852943282,23568.0671587101,21530.3430299555,0277,-0.204074577828802,14.3690022659873,-0.723399033024738,0.480014894658006,0.510836903683414,-6.47742092986448,-1.15194718889063
"AT2G03190.1",21910.6753429431,19858.497336011,30450.3540035544,38740.0358016319,64846.1563765635,52633.1802388664,0278,-1.10629017910486,15.0835358960817,-3.57887417855546,0.00255432124921244,0.0121240318448534,-1.85246577205096,-2.15291323616149
"AT2G03210.1",6489.31868807498,5598.88631518129,7359.60217608566,9171.33057249087,15963.3800407717,14897.5902785068,0279,-1.00922207987765,13.1582322103384,-3.28709776895562,0.00471170146139405,0.0180044282165294,-2.44790965818562,-2.01282546550698
"AT2G03770.1",5866.95415885475,4869.44999472757,6307.47514085502,6707.27180339578,10184.8784107321,8978.33079529867,0280,-0.588947856926524,12.7583262126727,-2.006638022617,0.0622270494078399,0.0861802013031864,-4.86937871107774,-1.50414938619915
"AT2G03931.1",1323.44710166199,1303.56606076472,1827.2115747523,1708.26764745611,3823.05800415865,1286.52531816892,0281,-0.471230088106262,10.7545304170242,-1.27132402629652,0.222022405539627,0.254206853907772,-5.94085473538413,-1.38629096052679
"AT2G03932.1",0,0,15.8612115863915,0,157.429783439563,0,0282,-1.07735448772453,1.8972226777958,-0.753261105890227,0.462377444538224,0.493625761803743,-6.45507573375312,-2.11016306317991
"AT2G03955.1",23947.5047113002,17141.4731938752,20317.1546280618,30719.8639652701,56767.5227526912,41912.135920792,0283,-1.04381074442293,14.8297111595978,-3.36144870075065,0.00403178155537277,0.0163123931338488,-2.29681969593632,-2.06166616642101
"AT2G04032.1",6045.70971533698,4350.82693829429,6350.82911919116,6992.81508052754,10628.9961155932,8504.74031585678,0284,-0.639880672684816,12.747372490029,-2.13191620633604,0.0490795159317444,0.0707837241183931,-4.65627047573263,-1.55820027307716
"AT2G04046.1",15724.7491131178,11378.3095213588,16404.7224367519,26947.8971785435,43006.5025244583,33833.751338396,0285,-1.24652649607738,14.4288892569856,-4.11894921531917,0.000824580682028397,0.00574931772090144,-0.742496889938569,-2.37269473032922
"AT2G04320.1",514.127219790626,596.556683291898,532.936709302755,514.177579450555,873.321009185785,299.567731090541,0286,0.0932500275788541,9.05078887184729,0.262600810922839,0.796253679138677,0.815615470728676,-6.71128838530121,1.06677064247088
"AT2G04425.1",22959.4292729466,15720.7263560353,22191.9498375732,40033.9661763269,54155.8455032096,47559.1741047934,0287,-1.2287158640638,14.9027405447943,-4.17296199727967,0.000736956902456993,0.00543841918528482,-0.631659503568929,-2.34358295786353
"AT2G04620.1",20530.6496477156,16632.3815882088,23691.3630395401,26194.1028630384,43564.9639667649,35515.5568992487,0288,-0.774879058430654,14.6806029573842,-2.5543217954584,0.0213741867524563,0.0413402616815318,-3.89058626678172,-1.71104660778903
"AT2G04750.1",1604.70011025559,2164.76067123122,2942.7834563285,2241.41488517766,3733.57160094037,3129.92343106217,0289,-0.452278787475306,11.3105062947348,-1.41003965598706,0.177921878909064,0.208434553391731,-5.76602234465447,-1.36819967029232
"AT2G05350.1",93.4776763255683,37.0044559184824,48.641048864934,133.786010963834,86.1720919879712,95.7125115932435,0290,-0.890830693009128,6.25990199510494,-2.54454445420809,0.021799190840461,0.0415104442474598,-3.90900662450856,-1.85424347598306
"AT2G05370.1",69.6982674357308,7.28875646879198,145.923146594802,71.8850208163882,160.744094669869,31.0754907770271,0291,-0.711614194887088,5.82036593735141,-0.93250405988589,0.365116645528704,0.397772552402499,-6.30358294282273,-1.63763540114738
"AT2G05915.1",831.459331527424,1012.57647558756,1228.71519089246,767.771958441702,1991.90104941426,1302.68457337298,0292,-0.314953895998944,10.1410048534155,-0.90297147234423,0.380110219727459,0.412772752034866,-6.33055385418599,-1.2439718992295
"AT2G06050.1",45426.0507961418,32637.9301201014,50170.0696618621,46493.6340191329,61931.2196495089,51802.8431253042,0293,-0.334604131796528,15.5273481490687,-1.13094338675904,0.274964550826109,0.306493010898783,-6.10267824096222,-1.26103134074841
"AT2G07040.1",1171.75087253717,1002.48435124616,895.62974757824,1683.30757078376,2891.7365484425,3469.26779034731,0294,-1.33404619442183,10.6586403694857,-4.15702735327281,0.000761776851336096,0.00558084345435358,-0.664347474039851,-2.52108750591883
"AT2G07680.1",4137.61714683173,2946.33963411553,5075.58770764528,3932.70968049657,7094.28318847125,6287.19329400813,0295,-0.500991703007543,12.2004205393264,-1.54412730980477,0.142360972586316,0.170934611977156,-5.58386566756034,-1.41518602151618
"AT2G10260.1",12.2996942533643,32.5190673223027,42.2965642303774,22.9632705385685,6.62862246061317,0,0296,2.240745477712,3.6250978998945,2.89862336140831,0.0105805466569844,0.0293871776654154,-3.22580755827977,4.72641227387929
"AT2G11810.1",16749.7236342314,13118.079623102,16658.5018221341,23187.9112286197,40157.8520220097,28266.2664107839,0297,-0.948683431730103,14.3861324926301,-3.12836059973087,0.00656612873270445,0.0215531043791045,-2.76843636971987,-1.9301104822117
"AT2G11990.1",0,0,0,4.9920153344714,0,0,0298,-0.861013771958564,0.430506885979282,-1.67973807697639,0.112681852734872,0.139268157842244,-5.38744391316445,-1.81631417388492
"AT2G12465.1",11629.7709063643,8080.98822959222,9348.59810901915,11252.0025638985,15900.4081273958,12302.1652888095,0299,-0.441596306407035,13.4464122451224,-1.50140188981027,0.152983544793519,0.18132047337192,-5.6432543643268,-1.35810620735126
"AT2G12475.1",4176.15618882561,3772.77248296163,5680.42857613968,5239.61929506119,7399.19982165945,7168.49421244461,0300,-0.544796869391106,12.3997768099076,-1.8229306736218,0.0873037178382299,0.112295240120166,-5.16779674876506,-1.4588149294997
"AT2G13560.1",110338.09720808,83015.5721380935,121508.512306922,135412.409559804,210261.561606265,182313.689290663,0301,-0.740502934116002,17.0313868108043,-2.45882165273985,0.0258858462761325,0.0455140705829042,-4.0692403124342,-1.6707581759518
"AT2G14750.1",41136.7374201852,30613.8985160754,43094.9118802257,37329.2922681103,62246.079216388,53835.1802221218,0302,-0.401560543594858,15.4092417742822,-1.31540705267027,0.207154832062319,0.238534778149207,-5.88685498941693,-1.32093597674585
"AT2G15280.1",17505.7448410049,13803.2227311684,19275.6017338887,22772.5755527917,36172.3927675661,32884.0843402501,0303,-0.846617283353709,14.4509781066922,-2.81224315256327,0.0126418020768392,0.0323673079855008,-3.39524351345416,-1.79827951528742
"AT2G15325.1",8713.10340908324,8872.09864324341,12262.8313844922,11698.2887348003,22212.5138655147,18489.9170123311,0304,-0.780443801271904,13.6523822194027,-2.46050176068546,0.025799188245305,0.0454840134318401,-4.06612240094594,-1.71765917724259
"AT2G15660.1",1087.2929719974,595.435336142853,878.711121886089,1639.37783584041,3178.42446986402,2560.62044002703,0305,-1.51608137828703,10.4543604345927,-4.54428334783804,0.00034243179663644,0.00327200823398008,0.126390312376111,-2.860131299972
"AT2G16140.1",1771.97595210134,1211.05492096851,2194.13426945083,1494.60939114074,2427.73297619957,2133.02168693514,0306,-0.238858309465678,10.8311925153694,-0.748154175146164,0.465365375346236,0.496291555353423,-6.45895682154907,-1.18005844127976
"AT2G17650.1",23295.6209158719,18237.5900320666,26090.6356455083,28306.7237525867,43240.1614661949,39147.6602612677,0307,-0.703953884411959,14.7965900896692,-2.35360105008805,0.0318959215465951,0.0522715646112424,-4.26259217851708,-1.62896305568361
"AT2G17690.1",27423.3983073009,22035.5928258817,37392.2776078651,47896.3903281193,84983.9114119063,79716.091960861,0308,-1.28130092572521,15.4277428691604,-3.95971900418369,0.00114947744915809,0.00740668174746522,-1.0697187101229,-2.43058051556383
"AT2G17710.1",263495.530010206,220121.566704667,275733.417046041,371292.122935047,599323.585465109,508158.855382258,0309,-0.940602727934845,18.413065296553,-3.1737081727714,0.0059730570432115,0.0205400022812477,-2.67718913767975,-1.9193299272359
"AT2G17750.1",7789.80636046403,5688.59408710488,9235.45479970289,24886.1948454068,48067.4557731364,40776.0159779839,0310,-2.29886565744422,14.0076963133121,-7.05452972803583,2.93297642502592e-06,0.000171669792515018,4.85318961487135,-4.9207071455352
"AT2G17990.1",47486.6595733887,34742.6987188588,53306.3598995446,58496.4356893359,90777.3274424822,81749.6720773097,0311,-0.7677710489644,15.824477482473,-2.52000758483185,0.0229015199887798,0.0425614645379712,-3.95510616763509,-1.70263719104272
"AT2G18280.1",12562.0877307694,8304.69698582668,15075.5529058122,15136.7888971842,23969.0988175772,23537.8197341514,0312,-0.813587163060053,13.9123962425255,-2.5319223077814,0.0223597760147349,0.0418624695386982,-3.93274390299274,-1.75757610757047
"AT2G18870.1",2138.5068408516,1980.85973878785,1982.65144829894,1828.07601548343,3037.56624257599,2462.42188917163,0313,-0.234292600387093,11.1070278194304,-0.79561804440448,0.438051792233797,0.470138388480221,-6.42194356368762,-1.17632980358501
"AT2G18880.1",3493.11316795545,2700.20393490017,3875.42269760833,3923.72405289452,6424.79231994932,5119.99786042299,0314,-0.606545245718356,12.0001418391702,-2.0027022141797,0.062687745825658,0.0866994678929415,-4.87595339360364,-1.52260872004918
"AT2G19220.1",2587.03569129095,1596.23766666544,2821.18083416617,5849.64356893359,11359.8017418758,10190.2749356027,0315,-1.95320125620102,12.1238005615122,-5.79130147126817,2.90362521544783e-05,0.000599094916901583,2.57822173431964,-3.87232826034243
"AT2G19400.1",2347.60164315879,1729.11730382727,2377.06690974721,2665.73618860773,5004.60995776294,4304.5769824338,0316,-0.857455458771964,11.4853324131142,-2.71623484475439,0.0153897682205576,0.0356042463866904,-3.58161674761777,-1.81183987353752
"AT2G19430.1",13544.4233118047,10461.0475534401,14683.2522725755,16956.8776881325,25823.4559509338,22552.1051667041,0317,-0.748926381303217,14.0145890761867,-2.51666429703373,0.0230557645878385,0.0426185914268516,-3.961373187287,-1.68054174659922
"AT2G19480.1",83199.2318278403,66966.2910673881,97377.2649993863,91827.1236745346,158780.365265913,139407.137665006,0318,-0.635168229016863,16.6331778121825,-2.05490210426794,0.0568223350260304,0.0798989995984934,-4.78814592133111,-1.55311884470049
"AT2G19500.1",56215.3425951929,43017.6800052358,65795.4779026693,133024.229423793,218764.427067616,197531.978633988,0319,-1.72499975246151,16.5881999929732,-5.59104402301607,4.26003112347248e-05,0.000741672011513819,2.1969858002136,-3.30580070540552
"AT2G19802.1",68284.6225762108,80338.9164933233,122779.524062045,155042.012258013,295977.935800069,246634.983120584,0320,-1.35687398375256,17.0980522524137,-4.07993095913956,0.000894392647985296,0.00610966869671037,-0.822624035818809,-2.56129598930162
"AT2G19970.1",18893.1503527844,18914.3230365152,26074.7744339219,22772.5755527917,35685.189016711,30308.5476646501,0321,-0.467431274399592,14.5948297365139,-1.55733521724133,0.139205430998321,0.167543679451551,-5.56525871854702,-1.38264546813842
"AT2G20160.1",68251.8233915351,55203.3594739069,86479.5552254295,13439.5036834639,24312.130029914,19663.3275440717,0322,1.88804767394494,15.126370780258,5.9807077713491,2.030625832612e-05,0.000508159579057746,2.93380072136767,3.70134002113556
"AT2G20780.1",51196.2473602034,32674.3739024454,47631.2183939337,45761.8045710994,67255.6606409964,53952.0240674434,0323,-0.353116237757988,15.5696730755995,-1.16592940945622,0.260952874802624,0.293789929204291,-6.06382502367949,-1.27731666829296
"AT2G21210.1",4556.62673106301,2326.23466069369,5526.0461166988,4259.187483371,6472.84983278876,7238.10331178515,0324,-0.589314572514686,12.2182442747983,-1.66741797278794,0.115138459462916,0.141957295752449,-5.40576980922071,-1.50453177133359
"AT2G21320.1",35057.4085405557,27285.74017771,28088.0908912878,44127.4187505934,56709.5223061608,43124.0800610961,0325,-0.66862704635694,15.2046827333884,-2.33062667650056,0.0333723383435027,0.0540696058738481,-4.30428693281,-1.58955952893831
"AT2G21420.1",1524.34210780028,1692.11284790878,2531.44936918808,5158.74864664275,7603.02996232331,7587.39182811894,0326,-1.8361715895957,11.7869848827746,-5.91683182504827,2.28966831678668e-05,0.000529896621422534,2.81443657013358,-3.57061253802613
"AT2G21450.1",15403.3171032965,12705.984545828,17627.0931430098,21953.8850379383,35569.1881236503,30711.2860251204,0327,-0.932397874923254,14.3495222707283,-3.1001774960821,0.00696354806401103,0.0224924827243296,-2.8250019303026,-1.90844535080859
"AT2G21590.1",29483.187104931,22471.7968668602,28393.6835678523,35416.3519919408,57097.2967201067,43919.612624988,0328,-0.746353432969929,15.0721364095179,-2.50455124170814,0.0236229250911958,0.0431097062584818,-3.98405007478542,-1.67754728586977
"AT2G21930.1",438.689095036658,295.474973773337,424.023056409533,585.064197200049,705.948292055303,708.521189716218,0329,-0.802524662243128,8.97576358292192,-2.74570463900406,0.0144900986609838,0.0350466261872119,-3.52464169248119,-1.74415065580248
"AT2G22121.1",42029.6952229794,27868.2800216389,46240.71884486,80436.3430843377,109876.045907124,86947.9801744908,0330,-1.27551286044655,15.8452401688734,-4.19841763948125,0.000698998350362897,0.00527378606132007,-0.579460823497875,-2.42084860757269
"AT2G23490.1",181.2154953329,387.986113569542,365.865280592764,245.607154455993,306.573788803359,262.277142158109,0331,0.126961729923885,8.1472468846521,0.385440342751733,0.705054195994874,0.733127363850146,-6.66982617213227,1.09199157832432
"AT2G23540.1",13329.5886521793,10777.8281230453,12681.5673703729,18826.8866324255,29948.1162770503,27428.4711794352,0332,-1.02844122134708,14.0905288732092,-3.47082202461524,0.00320491801118062,0.0138468893559983,-2.07369091531763,-2.03981911120842
"AT2G23550.1",21122.6749311109,20198.2655221716,26418.4340182937,27268.3845630166,43089.3603052159,38306.1359710258,0333,-0.66583240956537,14.785549664553,-2.23814413302436,0.0399870026022963,0.0610677637929328,-4.4700988586162,-1.58648338209377
"AT2G23790.1",151508.453792558,120275.695206558,141199.677784374,138092.123391349,207480.854484038,157640.992633334,0334,-0.270588858743874,17.1994388917756,-0.9281963384655,0.367278100321091,0.399696619402178,-6.30756546307412,-1.20630009763798
"AT2G23990.1",55913.590096177,46143.995856773,61113.2482423665,62909.3772450086,89630.5757567961,77744.6628259664,0335,-0.49171983653917,15.9672082171645,-1.6951198586482,0.109678458564092,0.135888384323893,-5.3644330337901,-1.40612011258751
"AT2G24740.1",5889.9135881277,4230.84279334648,6311.70479727806,14303.1223363275,23679.0965849254,21381.1806742257,0336,-1.84142117076424,13.319173440962,-5.96001149229229,2.11104869638233e-05,0.000508159579057746,2.89518788010222,-3.58362870832507
"AT2G24840.1",49.198777013457,80.1763211567118,182.932640296382,33.9457042744055,255.201964733607,326.914162974325,0337,-0.656584758262054,6.83349273773278,-1.01850048098316,0.323792919803554,0.356595470502607,-6.22066324046147,-1.57634657300369
"AT2G25230.1",102.497452111369,109.892020606402,266.468354651377,209.664644047799,507.089618236908,172.779728720271,0338,-0.866390658214348,7.61642452560654,-2.03250366387517,0.0592750746542288,0.0830015242041902,-4.82598340778639,-1.82309615905589
"AT2G25295.1",5329.86750979118,3237.88989286721,4290.98644117178,5673.9246291602,6545.76467985551,3719.1147361946,0339,-0.299738401014475,12.1861585749027,-0.942702177929281,0.360034418124675,0.392658896142445,-6.29408904993866,-1.23092119435364
"AT2G25685.1",8906.6185986695,8850.23237383703,12225.8218907906,11745.2136789443,16694.1856670543,15468.136289173,0340,-0.551303060971909,13.5457343731717,-1.86958471135024,0.080201476051368,0.105227506657206,-5.09370312208084,-1.46540867461194
"AT2G25700.1",87722.2393946107,78494.3004331444,117409.975232999,62423.1549514311,83313.4985518318,67749.5419724434,0341,0.399385428783759,16.3077065778312,1.35846177580223,0.193409867039406,0.224240109606468,-5.83269889566271,1.31894593553944
"AT2G26280.1",29983.3746712345,22906.3188871151,35603.1329409201,34112.4375865769,53554.298014909,46283.8359633042,0342,-0.596614944938555,15.1233745913303,-1.95701724137906,0.0682657970643457,0.0933920444276772,-4.95170757570777,-1.51216434701181
"AT2G26320.1",3841.6045051341,3605.13108417942,4671.65551924518,4072.48610986177,7061.14007616818,6131.81584012299,0343,-0.482046678886674,12.2124006302986,-1.58490652027905,0.132808382711443,0.160801526851819,-5.52604587807814,-1.39672372320543
"AT2G26410.1",1043.01407268529,1051.26295222961,1360.89195411239,1503.59501874279,2489.04773396025,2857.70213185541,0344,-0.946553414453117,10.6328105512226,-3.00795774284086,0.00843636304312955,0.0252201021984085,-3.00925006704207,-1.92726293983185
"AT2G26560.1",21.3194700391647,25.7909844280332,117.372965739297,21.9648674716742,38.1145791485257,65.8800404472975,0345,0.0788691576388789,5.33093288046526,0.151134029514407,0.88178397130345,0.892375970958747,-6.73540534635558,1.05618983196912
"AT2G26880.1",248.453823917958,233.800880575866,343.659584371816,354.43308874747,686.062424673463,755.755935697299,0346,-1.06482150870004,8.62139452362339,-3.17955090909186,0.00590059124027267,0.0204297867942317,-2.66541270707291,-2.09191105078816
"AT2G27040.1",88726.7144253022,68233.9740193834,96348.4010744823,119679.574031684,184827.537224892,159142.56034768,0347,-0.864439232747852,16.7826559594275,-2.89404973850984,0.0106809663816486,0.0295039809066851,-3.23481733824202,-1.82063186051574
"AT2G28030.1",1261.94863039517,1068.08315946529,1872.68038129996,566.094538929057,497.146684545988,548.171657306758,0348,1.34247071402442,9.74089723179652,4.4664755620742,0.000401709602853194,0.00353328745188385,-0.0317525042075948,2.53585229202819
"AT2G28040.1",32444.1335015242,25890.2236507236,40769.6582616607,66291.9668356465,102455.303062467,88989.0184087259,0349,-1.3804798926266,15.6772844934139,-4.53464773252136,0.000349259171982617,0.00327200823398008,0.106829952612737,-2.60354960176353
"AT2G28380.1",49357.033079517,40197.4919253878,55719.3788888876,64039.569516733,98287.5566903569,85130.6854738502,0350,-0.759024813475335,15.9301019032548,-2.55739652128055,0.0212421754163698,0.0412204210095007,-3.8847876237608,-1.69234630027509
"AT2G28650.1",53713.5847840586,55339.0424789413,69023.7631675528,71032.3845972605,125580.909671932,95182.985230403,0351,-0.683007062499911,16.189466461282,-2.24555021172628,0.0394153215474343,0.0605606232286567,-4.45694416820149,-1.60548263681515
"AT2G28700.1",2746.93171658468,2037.48776981462,2730.24322107086,1735.22453026226,2749.22116553931,1926.68042817568,0352,0.244345392598406,11.1554126717312,0.813207219355128,0.428191666290043,0.460533802786418,-6.40769398894018,1.18455516978174
"AT2G28890.1",20023.0822648601,13918.1608139456,22407.6623151482,23939.7087379911,40868.7717809105,36040.111183565,0353,-0.83242621816334,14.5848804508524,-2.63796718807475,0.0180480526973073,0.0388950168211465,-3.73186420246736,-1.78067745776095
"AT2G29570.1",28431.1532564599,24800.274221852,33736.7970442547,36615.4340752809,58423.0212122293,54108.6445409596,0354,-0.760878447350828,15.192252730289,-2.53404296396419,0.0222646414125434,0.0418624695386982,-3.92875916834704,-1.69452209382312
"AT2G29730.1",23485.0362073737,15408.9918486008,28266.7938751612,23282.7595199746,37977.035232468,32988.4979892609,0355,-0.503889159060661,14.6579331723636,-1.56942177372845,0.136369743504595,0.164719009179385,-5.54813027888841,-1.41803108546402
"AT2G29940.1",4499.22815788064,4073.29351890567,5972.27486932928,5392.37496429601,9188.92788602501,7620.95335815813,0356,-0.595444160768505,12.5218630904042,-1.93472560023291,0.071146834382086,0.0964201736733095,-4.98828902832312,-1.51093768451267
"AT2G30160.1",13380.4273884265,10975.1852212772,15029.0266851588,17197.492827254,26925.4644350107,18421.5509326217,0357,-0.650107825082737,13.9935850648648,-2.17150194152138,0.0454885622874573,0.0668443844078769,-4.58745413960417,-1.56928547769205
"AT2G30590.1",10285.8243142801,10203.6983827343,17419.8399782809,11624.4069078501,18578.3716014836,16120.7215954906,0358,-0.309714444688952,13.7328514020528,-0.971585250981135,0.345906152884132,0.379296226210258,-6.26670207684488,-1.23946234657206
"AT2G30900.1",5550.44202673484,4274.01465858471,5412.90280738254,6918.93325357737,11484.0884130123,8684.97816236354,0359,-0.808558526795775,12.7052171898191,-2.69646139417252,0.0160233643592282,0.0365983651233764,-3.6197247096888,-1.75146059083651
"AT2G31360.1",489657.388063366,380607.649328827,467872.961961271,580879.889946695,993161.531806826,788569.167918578,0360,-0.794435816214477,19.1555930119823,-2.63591014566453,0.0181235483324456,0.0388950168211465,-3.73579115600927,-1.73439898343674
"AT2G32150.1",34374.3655196855,22437.0351052398,38850.4516597074,29401.9719169697,45507.1503477246,51042.1151110826,0361,-0.396171135815369,15.1208945821241,-1.22594623948477,0.238189307757933,0.270723770468011,-5.99487495084842,-1.31601062398787
"AT2G32370.1",22970.0890079662,36243.6218778554,44302.478789003,16767.1811054226,28537.8768485549,25859.7804050109,0362,0.525195200996706,14.7601168382733,1.59133816460898,0.131352533616636,0.159612273421177,-5.51682705832748,1.43912828524231
"AT2G32750.1",58198.0533088352,46179.8789655424,59228.9363059032,76930.9499164719,136269.56338967,122867.518453841,0363,-1.00547015888486,16.2286534099456,-3.26828218800049,0.00490107100931528,0.0182459503414993,-2.48605712300843,-2.00759764502547
"AT2G32940.1",4173.69624997494,3508.13455578703,4956.09991369447,5342.4548109513,8406.75043567265,6713.54902746894,0364,-0.684833444862775,12.3689619527397,-2.29277510237316,0.0359452987942287,0.0565174138117655,-4.37255118161954,-1.60751638746925
"AT2G32990.1",11561.7125981624,7475.46076910796,12765.1030847279,6302.9185613036,5737.0727396607,4749.57801036082,0365,0.894363851814798,12.8879389482428,2.93533827768954,0.00980707914469234,0.0280083531505197,-3.15333340759516,1.85879008156534
"AT2G33720.1",419.829563848167,284.261502282887,389.128390919472,827.676142455359,1499.72583171373,1187.08374768244,0366,-1.65983047851802,9.32359479942519,-5.29822941858208,7.53193701299972e-05,0.00113653557017055,1.63019735418733,-3.15979393930597
"AT2G33770.1",70514.1471545373,53156.9009268999,70672.2717584318,106630.445947376,177652.053411278,152381.77657423,0367,-1.14859918195716,16.5451393132367,-3.79267856845837,0.00163076287606428,0.00915945148722768,-1.41329986627592,-2.21698526571817
"AT2G33780.1",27642.3328650108,25315.5332368381,35755.4005721495,48719.0744552402,81109.4815836779,64465.4841071272,0368,-1.11591368654614,15.3940735368451,-3.67792183699789,0.00207469424393898,0.0107242368851422,-1.64918455086343,-2.16732226341208
"AT2G34200.1",20172.3185551343,16309.4336092838,20211.4132174858,23193.901647021,42511.0129955274,36481.3831525987,0369,-0.811797710432266,14.604772950007,-2.63295727910568,0.0182324513918204,0.0388950168211465,-3.74142624357029,-1.75539744237575
"AT2G34260.1",10202.1863933572,8768.93470553128,12716.462035863,11019.3746493122,17282.4759104337,16238.8084604433,0370,-0.480877571869572,13.590307352667,-1.58944866524677,0.131778821672475,0.159746269437497,-5.5195381675296,-1.39559232813634
"AT2G34440.1",4137.61714683173,2639.65118885174,3289.6152830176,3586.26381628426,5912.73123486695,5143.61523341353,0371,-0.533871934413169,11.9555202201878,-1.72743807730869,0.103593520841058,0.130264987027748,-5.31561832148667,-1.44780964707343
"AT2G34880.1",1738.35678780881,1367.48284826028,1798.6613938968,3825.88055233888,6522.56450124336,4374.18608177434,0372,-1.5574389944146,11.4441226951352,-5.12375616786927,0.000106315193403801,0.00132697111766967,1.28750745794324,-2.94330896829962
"AT2G34890.1",1789.19552405605,1901.24409120566,2474.34900747708,2393.17215134559,4020.25952236189,3720.35775582569,0373,-0.695850644600652,11.3388601060426,-2.27068076106752,0.0375316815944161,0.0581080093291802,-4.41214389927241,-1.61983924428196
"AT2G35010.1",41979.6764663491,32954.1500161321,43718.7862026238,56295.9553299009,81338.1690585691,69307.045570188,0374,-0.797171430363804,15.659136660692,-2.73373373771194,0.0148492573336377,0.0353683834175625,-3.54781108916617,-1.73769084170833
"AT2G35170.1",12913.8589864156,11219.638899769,15346.2509168867,20966.4644047799,34878.1542321313,36879.1494345447,0375,-1.20006499807013,14.2721338690604,-3.86738271128388,0.00139445910628175,0.00839165569315984,-1.25964350577757,-2.29750021746592
"AT2G35670.1",4917.41776249503,4141.13502142289,5622.27080032291,8558.31108941778,13434.5605720477,11338.8250747217,0376,-1.16960912950275,12.8305816450182,-3.93854762849643,0.00120150267062725,0.00749826666669228,-1.11326065220619,-2.24950742600072
"AT2G35760.1",125440.481791978,85859.869181646,116572.503261237,134592.720641884,198417.870424764,168841.842529006,0377,-0.614838089775475,17.0265018845386,-2.06403794715231,0.0558487598454128,0.0787490881502264,-4.77264478086296,-1.53138612363682
"AT2G36010.1",9937.33297710143,8300.77227080502,11054.2070616091,14946.0939114074,21372.335968632,18455.1124626609,0378,-0.89749424168758,13.6922238649124,-3.09096830770943,0.00709846746356658,0.022638960901154,-2.8434604367343,-1.86282770203228
"AT2G36310.1",27388.1391837746,19630.3031911804,32636.0289601592,31510.5991942504,51429.8245162824,48014.119289769,0379,-0.716245138250247,15.0235914825893,-2.27606779486561,0.0371389771562038,0.0575881992406779,-4.40250794968516,-1.64290053433322
"AT2G36560.1",9802.03634031442,9292.60382413525,11929.7459411779,8963.66273457685,11248.7723156605,8681.24910347029,0380,0.103979045812702,13.2758211479561,0.364238629268905,0.720511487105569,0.747114988167928,-6.67808799762755,1.07473356295093
"AT2G36695.1",42553.6621981728,35922.9165932285,46518.8187546748,60551.1492010044,83258.8124165317,65896.1997025015,0381,-0.741302770413007,15.709066205799,-2.57686176130447,0.0204243331803528,0.0412204210095007,-3.84801316698208,-1.67168470823867
"AT2G36724.1",186083.714318382,134220.207678506,198099.13081529,185259.679480635,328252.698560795,260697.264207005,0382,-0.55998230856347,17.6585656380833,-1.79629254176383,0.0916038910573284,0.117378369909961,-5.20955917250384,-1.47425113877857
"AT2G36760.1",7454.43469715563,10324.8038748311,13029.4566111677,5364.41967842297,9792.13252994081,8532.08674774056,0383,0.387253752843669,13.0955875427294,1.18811316864718,0.252353092058388,0.285379167864687,-6.03867488275259,1.30790137255267
"AT2G37390.1",2182.78574016371,1774.53186336359,2720.72649411902,4248.20504963517,7079.36878793487,4959.64832801353,0384,-1.27398049724887,11.7359760878018,-4.13307438575282,0.000800692501582829,0.00570265453011063,-0.713501401790112,-2.41827866048507
"AT2G38220.1",16105.2196553552,13087.8032500778,17301.4095984359,22905.3631606886,37027.4850649852,33181.1660320785,0385,-0.982622645507492,14.4013317270375,-3.27960279971668,0.00478625021432509,0.0180555931592637,-2.46310976750031,-1.9760543742654
"AT2G38250.1",3837.50460704965,2428.8379248313,4196.87658575919,5434.30789310557,8942.01169936717,8129.34838727029,0386,-1.11179182646834,12.2853682709428,-3.47536037729722,0.00317452527190652,0.0138195989689305,-2.06441325764939,-2.16113894025928
"AT2G38810.1",16628.3666509316,14732.2588441522,20696.7662920294,21273.9725493833,30470.1202958236,25984.082368119,0387,-0.577332855831218,14.3571404334363,-1.97032455087836,0.066596448120232,0.0913555075299247,-4.92974929858605,-1.492088238717
"AT2G39220.1",26476.3218497919,20850.3288893412,27082.4900767106,26054.3264336732,38210.6941742046,33545.3707839852,0388,-0.386479684457241,14.7817222872208,-1.32330217820427,0.204577606551371,0.235835758521592,-5.87702802592742,-1.30719981503335
"AT2G39300.1",4547.60695527721,3571.49066970807,5143.26221041389,5055.91313075264,9029.84094697029,7546.37218029326,0389,-0.681257516810028,12.4348527767571,-2.19323737238136,0.0436215922625394,0.0651424368942796,-4.54938230970587,-1.60353685985537
"AT2G39650.1",6567.21675167962,6490.91797224652,7496.00859572863,12534.9505048577,12049.1784777796,9786.29355550138,0390,-0.736476833600552,13.107509889546,-2.61734847007027,0.0188186150153487,0.0395399011379604,-3.77117336451932,-1.66610212395405
"AT2G40020.1",15336.0787747114,11002.0975528542,16842.4918765363,19509.7943301811,33721.4596127543,28736.1278313325,0391,-0.911257817901094,14.2457161897737,-2.91602498813757,0.010206810434969,0.0289861948026787,-3.19148971281016,-1.88068446411952
"AT2G40030.1",23602.2932925891,19301.1878029357,27431.4367316112,31758.2031548402,47310.1356570113,41042.0221790352,0392,-0.767618716432347,14.8860668460025,-2.59379075939592,0.0197375918524024,0.040742176573363,-3.81594047546531,-1.70245742100506
"AT2G40210.1",7795.54621778226,6205.53512281459,7299.32957205737,8967.65634684443,17771.3368169039,16682.5664687392,0393,-0.970741438218832,13.2726832883751,-3.03252253014871,0.00801658984411352,0.0243386556528492,-2.96030422935282,-1.95984755264379
"AT2G40520.1",8575.34683344556,7190.07791967603,11118.7093220604,13785.9495476762,22789.2040195881,18691.2861925663,0394,-1.03277532634448,13.6227114355324,-3.35677619885792,0.00407148327292716,0.016350557494459,-2.30633011899756,-2.04595629397466
"AT2G41040.1",10623.6559164392,8497.56869546241,11134.5705336468,12103.6403799594,17837.62304151,14542.0866640176,0395,-0.547671530411758,13.5641759410511,-1.87603848366521,0.0792605945294564,0.104475177404538,-5.08336000174746,-1.46172460831363
"AT2G41550.1",36585.0305668235,28929.0744246354,42411.8223679051,50999.4270600268,88919.6559978954,78301.5356206908,0396,-0.994574507547899,15.6144541076293,-3.20334642043524,0.00561431737996673,0.0199824317573391,-2.61740652122233,-1.99249279529519
"AT2G42340.1",2757.59145160427,2816.82403840084,3304.41908049823,5439.29990844004,8630.46644371835,6732.19432193515,0397,-1.20707881494476,12.1304392020026,-4.11509583486162,0.000831222066316709,0.00575592814415201,-0.750408056630105,-2.30869695652697
"AT2G42430.1",82.817941305986,195.114403933816,249.549728959226,35.9425104081941,11.600089306073,72.0951386027029,0398,2.30647214305656,6.17132794151353,4.43010902353911,0.000432912733685564,0.00370910825217038,-0.105811146489502,4.94671966518399
"AT2G43100.1",3271.71867139489,4119.82942559104,8230.91139923143,1058.30725090794,1131.8372851497,1146.06409985676,0399,2.11121467395384,11.1750608785696,6.20487103866366,1.33828534900105e-05,0.000397943084658843,3.34816881933461,4.32054909199718
"AT2G43535.1",25264.3919760271,22049.0489916703,26571.7590636288,33156.9658515591,50269.8155856751,43591.4554423826,0400,-0.765087537767764,14.9662203001724,-2.63287091765551,0.0182356458686681,0.0388950168211465,-3.74159101508389,-1.69947311332603
"AT2G43660.1",38707.9577949542,31833.3635406617,40001.9756208794,76629.4321902699,109963.875154727,89222.7060993692,0401,-1.3103185603168,15.8173248945836,-4.53715821030454,0.000347467065222299,0.00327200823398008,0.111926905607466,-2.47996293802126
"AT2G43670.1",25981.8741408066,18618.2873891673,27519.2021023893,49664.5621595891,90841.9565114732,78625.9637444029,0402,-1.57859823219991,15.3219614785951,-4.98598586272783,0.000139930777197074,0.00162734268245531,1.01447024393994,-2.98679502311984
"AT2G43690.1",2040.10928682468,1766.68243332027,2296.70343770949,2945.28904733813,4711.29341388081,4229.99580456893,0403,-0.941640150698621,11.4537394096857,-3.16326602986899,0.00610476056361529,0.0207808516155389,-2.6982249406831,-1.92071058813786
"AT2G44330.1",3107.7227480167,2252.22574885672,2516.64557170745,3773.96359286038,5186.89707542981,4558.15298717434,0404,-0.77999646424994,11.7359121890407,-2.68905938317503,0.016266947855686,0.0367449838026179,-3.63396456693694,-1.71712666454459
"AT2G44460.1",126144.844282887,80248.6480478252,132734.020453664,48131.0150488395,85239.1133766399,75999.4632639286,0405,0.702485148050318,16.4004674694663,2.17312787439432,0.0453463870798021,0.0667786954205359,-4.58461310367822,1.62730553294638
"AT2G44470.1",49419.3515304007,61918.5468759624,81155.4752029308,63746.0390150661,119234.003665895,98926.9603592192,0406,-0.532755397869334,16.2061588764209,-1.65240796050673,0.118193723343086,0.145546716564994,-5.42796982104754,-1.4466895856895
"AT2G44560.1",126303.100348947,82843.4453507151,136508.988811226,172127.683941775,241911.576700078,208029.279418468,0407,-0.866793989256795,17.2144990927267,-2.84616440095065,0.0117896208109353,0.031616197983702,-3.32889377076618,-1.82360590924406
"AT2G45110.1",64006.7889148907,48501.6282376399,57653.3892883216,81737.262280501,112683.267519194,97222.780445007,0408,-0.774264720943863,16.1694250214979,-2.6885860854884,0.0162826436632768,0.0367449838026179,-3.63487461081944,-1.71031815425659
"AT2G45470.1",596342.476078197,449562.649565046,575445.81376839,923150.432533258,1255729.55324979,1003591.67578151,0409,-0.971590931809377,19.5185531068555,-3.36121864469382,0.0040337272833454,0.0163123931338488,-2.2972879982046,-1.9610018979098
"AT2G46650.1",6713.9931031031,6789.75698746699,10353.1415094906,6566.49697096369,8938.69738813686,8701.13741756759,0410,-0.037948355584474,12.9457899153624,-0.12594911479677,0.901361955089794,0.911276936595782,-6.7390608217031,-1.0266527937863
"AT2G46850.1",245.993885067285,156.427927291766,164.956600498472,347.44426727921,329.773967415505,345.559457440541,0411,-0.876634558690881,7.97883107867653,-2.99374989975376,0.00868889965252417,0.0256856068675495,-3.03751304547763,-1.83608717634046
"AT2G46960.1",1074522.60944394,917453.157607657,1168701.65332009,1368965.35718743,2235855.89898782,1869127.376237,0412,-0.770655809315624,20.3850008337457,-2.59155380583138,0.0198270532879274,0.040742176573363,-3.82018320882504,-1.70604512828854
"AT2G46990.1",4934.63733444974,3122.39113651558,3735.84403564808,2884.38646025758,3962.25907583152,3093.87586176082,0413,0.23427886839988,11.7980348466885,0.784535591749302,0.444337402335215,0.475874061187396,-6.43077429764023,1.17631860699218
"AT2G47030.1",9468.3046362398,8246.94760765087,9333.79431153852,14963.0667635446,18926.3742806658,21854.7711536676,0414,-1.02862109036779,13.6500654597087,-3.58368707303337,0.00252863399197245,0.0121158718762282,-1.84259735109899,-2.04007344294748
"AT2G47115.1",222052.120213303,185127.125550848,240633.613219463,277389.319284439,379786.923880832,315749.360647955,0415,-0.58320758027839,18.0033353023779,-2.03047343421811,0.0595020909292966,0.0831824834313299,-4.82940123984521,-1.4981764820695
"AT2G47230.1",7277.31909990718,6206.09579638911,8786.05380475514,9649.56564153323,15336.9752182437,14390.4382690257,0416,-0.807961758522719,13.2473995784404,-2.67321794048871,0.0168002844299763,0.0370921792168912,-3.66439257309065,-1.75073625205638
"AT2G48070.1",25722.7605818691,18368.7876485048,29072.5434237499,31036.3577374756,43714.1079721287,39647.3541529623,0417,-0.656418418030199,14.8759693989764,-2.18379989319753,0.0444233470024798,0.0659500790301132,-4.56593762169055,-1.5761648334597
"AT3G01060.1",20736.4645315552,14497.3366164273,19954.4615897863,26625.4129879367,38586.8684988444,31423.5362737298,0418,-0.809328781036209,14.5540136214881,-2.73131445704222,0.0149228787129514,0.0353683834175625,-3.5524893197204,-1.75239594453693
"AT3G01230.1",1626.83955991165,1330.4783923418,1757.42224377218,3047.12616016135,4426.26264807444,4965.86342616893,0419,-1.37880119533451,11.298607906329,-4.59548346165789,0.000308375497766819,0.00305654537492406,0.230208146549594,-2.60052191416208
"AT3G01240.1",6622.15538601131,6077.70154782347,5415.01763559406,8412.54424165121,13152.8441174717,14394.167327919,0420,-0.956374855873502,13.0334764890676,-3.16559957242307,0.00607508207392675,0.0207496891106079,-2.69352523438576,-1.94042793714546
"AT3G01270.1",16251.1760271617,13261.0513846052,14760.4435022959,20729.842877926,31293.7266365548,32108.4400904555,0421,-0.903641734781672,14.2961234646291,-3.05734311418228,0.0076132584655717,0.0235845339546324,-2.91074863376955,-1.87078236560544
"AT3G01323.1",76514.7579909452,52125.8222233531,72163.2256475526,88142.0179546278,134044.00339852,102862.360511222,0422,-0.692694164597892,16.3570816702823,-2.3043743073684,0.035137762524677,0.0557680971937967,-4.35169010084414,-1.61629906375483
"AT3G01330.1",4114.65771755879,3614.6625349463,5367.43400083489,6489.61993481283,10380.4227733202,8943.5262456284,0423,-0.971803093554776,12.5583139459635,-3.20036763547371,0.0056493890251473,0.0199824317573391,-2.62341993178749,-1.96129030271268
"AT3G01640.1",24356.6745401288,19187.9317408822,25032.1641256431,34930.1296983633,51796.0559072313,43718.2434447528,0424,-0.919053459513682,14.9300695950591,-3.1418546457547,0.00638383273586979,0.0211608357244733,-2.74131311186357,-1.89087429913889
"AT3G01870.1",7229.76028212751,5272.57429480921,7928.49096498423,20083.8760936454,32085.8470205981,26466.3739849785,0425,-1.93931140705789,13.6821588943252,-6.36845663254869,9.91484362178484e-06,0.000334130230054149,3.64605220588829,-3.83522550160262
"AT3G02820.1",9478.14439164249,7350.43056198945,9592.86076744958,12692.698189427,19672.0943074847,15377.3958561041,0426,-0.840710758881089,13.5144374531217,-2.84379646664545,0.0118472524649105,0.0316258166763543,-3.33353348447619,-1.79093224615092
"AT3G03190.1",164.815902995081,154.745906568199,230.516275055557,47.9233472109255,0,0,0427,5.63300253379018,4.68731833611276,5.72076343890687,3.32135190952593e-05,0.000645747457794369,2.4445472336496,49.6252523624424
"AT3G03260.1",20462.5913395137,18596.421119761,24358.5913402743,23763.9897982177,33090.0833233809,29549.0626700595,0428,-0.44192987575388,14.5795612734191,-1.53199896737403,0.145311433181751,0.174063813917951,-5.60084927146647,-1.35842025499404
"AT3G03305.1",35602.6949857882,27026.7089862807,38269.9313156454,44792.355193145,74126.2278214219,62705.3683095164,0429,-0.833061683662345,15.4384816243332,-2.74006158524672,0.0146583476944381,0.035284736950183,-3.535568013349,-1.78146196751757
"AT3G03400.1",1584.20061983332,850.541812550572,817.381103752042,3038.1405325593,4171.06068334084,2678.70730497974,0430,-1.64761316904616,10.8374773531177,-5.00767959141134,0.000133986606785177,0.00162734268245531,1.05760011854331,-3.13314854158183
"AT3G03630.1",3713.68768489911,3491.87502212588,5660.33770813025,4874.20377257788,8511.15123942731,7552.58727844867,0431,-0.697783111836884,12.3809421500635,-2.18247120665139,0.0445373129817545,0.0660223217368824,-4.56826539287658,-1.62201044720404
"AT3G04100.1",2893.70806800816,2029.07766619678,3067.55832080812,7014.77994799922,14170.3376651758,9741.54484878246,0432,-1.91576413962583,12.3145042830221,-5.89864593506225,2.36952737103895e-05,0.000532353816026752,2.78034952278356,-3.77313609840294
"AT3G04280.1",160637.286867405,129173.58483423,172635.541734497,198736.124077574,321753.334238163,253691.605566232,0433,-0.72634217976529,17.5864368662695,-2.43260680457598,0.0272741935580033,0.0475417408398988,-4.11776804535607,-1.65443909177337
"AT3G04300.1",17978.0531003341,16577.9962514801,20220.9299444377,19650.5691626132,33262.4275073569,29540.361532642,0434,-0.559907757384662,14.431531057089,-1.8654050912823,0.0808161095637698,0.10556212760849,-5.10038956777724,-1.47417495890863
"AT3G05610.1",8635.2053454786,7113.82631354097,8101.90687832878,8470.45161953108,12297.7518200526,12968.423811069,0435,-0.480142013171992,13.1924105065973,-1.63606847249534,0.121598615612356,0.149013576223142,-5.45197602933652,-1.39488096613698
"AT3G05685.1",1216.84975146617,968.283263200289,1869.50813898268,2654.75375487189,3600.99915172811,2811.71040550541,0436,-1.20237453414128,10.9478904333393,-3.81879403898653,0.00154388621355113,0.00891126934828062,-1.35958831543827,-2.30118111254152
"AT3G05700.1",9594.58149724101,6663.60543319944,10459.9403341723,10956.4752560978,19713.5231978636,16915.0111397514,0437,-0.816505867066303,13.5026473311396,-2.5650940750324,0.0209150895265337,0.0412204210095007,-3.87025845594641,-1.76113544398892
"AT3G05725.1",1086.47299238051,889.228289192622,1240.34674605582,737.819866434874,1045.66519316173,1407.09822238379,0438,0.0474301394699772,10.0304468763044,0.151367273918782,0.881603003483547,0.892375970958747,-6.73536839472335,1.03342245662148
"AT3G05741.1",31342.9008760397,23707.5214251077,31440.0936065452,36218.0696546569,58910.2249630844,52705.2753774691,0439,-0.755674984212574,15.1809638156388,-2.5053175190738,0.0235866566977544,0.0431097062584818,-3.98261688431856,-1.68842135805812
"AT3G05860.1",4034.29971510348,4152.90916648786,5760.7920481774,6513.58160841829,12786.6127265228,10363.054664323,0440,-1.05340037039563,12.6903721674388,-3.28620136980884,0.00472055658506167,0.0180044282165294,-2.44972790336469,-2.07541575349035
"AT3G06090.1",0,0,34.8946654900613,0,0,0,0441,1.72189918258967,0.860949591294833,1.89455684144223,0.0766152593366847,0.101517728950705,-5.05355749382227,3.29870366867273
"AT3G06125.1",1141.4116267122,874.090102680515,1434.91094151555,1117.2130318547,1227.95231082859,1390.93896717973,0442,-0.138055878665341,10.2086629957405,-0.465750748469523,0.647753658843818,0.679335009430602,-6.63438837903641,-1.10042123020915
"AT3G06650.1",193446.311298445,141304.318292598,201063.062553733,282103.778566314,408502.116380208,348062.898977539,0443,-0.955839563155969,17.9070308176921,-3.22982261940454,0.00531189467589192,0.0192484785567267,-2.56391060710549,-1.93970810083859
"AT3G06860.1",127626.547450609,94842.4205190703,143439.280860373,146052.391043697,227401.522133795,196701.641520426,0444,-0.637250288837667,17.1936021439661,-2.10215596320421,0.0519489510833294,0.0742862652690892,-4.70755079068238,-1.55536188343045
"AT3G07190.1",15876.4453422426,12680.7542349745,19331.644681494,19361.0322732139,31212.5260114123,26590.6759480866,0445,-0.68186809897086,14.2822371414292,-2.23414724702449,0.04029871908223,0.0613584412532147,-4.47718893227804,-1.60421565765352
"AT3G08040.1",1978.61081555786,1303.56606076472,1982.65144829894,880.591505000756,1796.35668682617,1143.5780605946,0446,0.499356850905064,10.5017543191255,1.51942442381697,0.148424496224574,0.176745778189687,-5.61835334245385,1.41358325074127
"AT3G08620.1",10143.9678405579,7542.74159805066,11006.6234268499,12272.3704982645,20414.5000230734,15387.3400131527,0447,-0.731471510898364,13.5709879606733,-2.39449632519901,0.029418588278744,0.0501469425739599,-4.18790097698186,-1.66033172283749
"AT3G08640.1",146654.99444018,114763.713295428,144761.048492572,199645.669271515,285176.5955005,234718.15391741,0448,-0.818482209446248,17.4471477772304,-2.82583154777894,0.0122934873354647,0.0322734062453764,-3.36869469541544,-1.76354966989243
"AT3G08730.1",71192.2702977061,54293.386262457,66834.9159686308,79520.8074719957,129100.708198517,100312.927247875,0449,-0.665023084797395,16.2912797527805,-2.2316564621361,0.0404941156137247,0.0614707971253388,-4.48160405804581,-1.58559364435872
"AT3G08840.1",12538.3083218795,9771.97973035196,13695.6274977962,16134.1935610116,22524.0591211636,19536.5395417014,0450,-0.693613897264239,13.8835689544253,-2.37549580053357,0.0305461730673696,0.0507930608077477,-4.22267783579362,-1.61732979925718
"AT3G09110.1",1997.47034674635,1451.58388443865,2011.20162915444,2990.21718534837,5198.49716473588,4348.08266952163,0451,-1.17784112865401,11.4034690225823,-3.82079658204635,0.00153742008365943,0.00891126934828062,-1.35546943279215,-2.26237977594014
"AT3G09140.1",10630.2157533743,9111.5062595645,11751.0429573046,9244.21399637415,17575.7924543158,15226.9904807433,0452,-0.373346014664719,13.5367647097416,-1.19370909345814,0.2502183523251,0.283281919597621,-6.03226822154444,-1.29535363803807
"AT3G09340.1",436.229156185986,204.085181126175,424.023056409533,855.631428328399,1443.38254079852,1107.53049129325,0453,-1.7231593909895,9.25615387369893,-4.98881454430251,0.000139140573865971,0.00162734268245531,1.02009685111222,-3.30158637783625
"AT3G09520.1",1676.85831654199,1064.15844444363,1011.94529921178,2722.6451634207,1580.92645685624,1750.17164056217,0454,-0.686432191508331,10.5944154516742,-2.13685260618871,0.0486178915232938,0.0703185813019314,-4.64772634851637,-1.60929877105413
"AT3G09950.1",14669.4353461791,16269.6257854927,22112.6437796413,13778.960726208,25503.6249172092,18947.348236569,0455,-0.111761521061984,14.1436325362319,-0.354112161569399,0.72793925359056,0.753271837645913,-6.6818719397296,-1.08054677181016
"AT3G10195.1",19684.4306830841,15044.5540251612,19885.7296729119,23445.4992198784,49926.7843733384,37304.2621483744,0456,-0.963441002310184,14.6221900662259,-2.97486449729525,0.00903605561501474,0.026403041117861,-3.07502666270602,-1.94995523204631
"AT3G10590.1",67330.9862817666,58236.0428384989,78309.9738443322,100531.201611719,183733.814518891,141327.602995026,0457,-1.02922561761708,16.5564730596247,-3.34159287182941,0.00420319439784785,0.0167300375441897,-2.33722066668387,-2.0409284666194
"AT3G10595.1",30019.4537743777,24529.4688853576,29235.3851960368,98624.2517539509,176583.188039505,144675.054861527,0458,-2.29023668476338,15.9089259023503,-7.53167087518249,1.30535634282197e-06,0.000138488731428053,5.65241996075054,-4.89136350921121
"AT3G10780.1",20110.0001042506,17117.9249037452,23534.8657518877,40096.8655695412,65373.1318621822,57596.5576257731,0459,-1.40660503736054,14.9971608486094,-4.67032638095338,0.000264712965718212,0.00278775842021992,0.381589388439274,-2.6511256298928
"AT3G10900.1",3570.1912519432,2682.26238051545,3476.77757973702,6252.00000489199,11129.4571113695,9277.89852638921,0460,-1.42546127087287,12.3647013203907,-4.63451714854815,0.000284753748519955,0.00291959079742685,0.309217240721678,-2.68600366048834
"AT3G11000.1",32116.1416547678,25765.1934436051,33647.9742593709,43745.0303759729,71671.9803553799,63606.5575420502,0461,-0.946798066453754,15.3609065615801,-3.15284225430374,0.00623908699105825,0.0210137780032339,-2.71920939489207,-1.92758979249445
"AT3G11160.1",507.567382855498,750.741916285574,1021.46202616361,293.530501666919,946.23585625253,918.591507368921,0462,0.202505953643,9.41282046105661,0.484849296261168,0.634440813174281,0.667450220727573,-6.62500250552591,1.1506953718559
"AT3G11200.1",80099.7088759925,60484.9045459085,88061.4467276457,93672.1725421552,143650.534499563,128824.068525981,0463,-0.674179320649262,16.5371156795972,-2.24316053949667,0.039598946192107,0.0606583857579093,-4.46119112243844,-1.59568880439363
"AT3G11310.1",2482.8982799458,2175.97414272167,3429.19394497784,2289.33823238859,3312.65407469143,3193.31743224731,0464,-0.128756947098479,11.4345695965857,-0.424868590211475,0.676665489630057,0.705266814449472,-6.65324453548768,-1.09335124351645
"AT3G11320.1",20803.7028601403,14589.8477562235,22165.5144849293,24118.4228869651,36265.1934820147,30711.2860251204,0465,-0.665760429523404,14.5373777035679,-2.20375950363985,0.0427434958173836,0.0640525702029529,-4.53088017809132,-1.58640423002873
"AT3G11490.1",17632.0217020061,10042.2243932718,19677.4190940773,20462.2708559983,32988.9968308566,29782.7503607028,0466,-0.842824753735865,14.3094969469335,-2.55348672458421,0.0214101749008824,0.0413402616815318,-3.89216064514353,-1.7935584399399
"AT3G11740.1",2602.61530401188,1584.46352160047,2810.60669310858,4575.68125557649,7291.48470667449,6488.56247424326,0467,-1.40733923701374,11.8483924958908,-4.40078578289028,0.000459867029138072,0.00384236005337679,-0.165589275506582,-2.65247515341004
"AT3G12110.1",54851.7164923032,41251.55824549,61310.9846801435,85985.4673301362,133952.859839686,117077.533012265,0468,-1.0936542585946,16.2066114305123,-3.61819006716903,0.00235190170707203,0.0116557481659305,-1.77182163471859,-2.13413916902142
"AT3G12700.1",22962.7091914142,17622.5311208154,27146.9923371619,52182.5346942965,81682.8574265209,66346.1728089529,0469,-1.56199214618518,15.2212765256912,-5.14627134868259,0.000101668940426465,0.00128484123463946,1.33192862549704,-2.95261273774224
"AT3G13280.1",703.542511292435,677.293678023132,903.031646318556,1142.17310852706,1305.83862474079,1770.05995465946,0470,-0.871517379766489,9.99793824041246,-2.93670806594334,0.0097793156532182,0.0280081816583671,-3.15062449739268,-1.82958618815968
"AT3G13400.1",44171.4819822986,37789.9595963883,43386.7581734153,56301.9457483023,80259.3607531043,81768.3173717759,0471,-0.783660182788573,15.7390348357339,-2.70392652743012,0.0157812626889956,0.0361788131033436,-3.60534927617733,-1.72149284274185
"AT3G13530.1",95491.5462646525,74275.7924584374,101547.706232501,131491.680716111,217849.677168052,187873.716100488,0472,-0.967159235474991,16.9354251962843,-3.19544713850206,0.00570779638836437,0.020106558009186,-2.63335076383118,-1.95498729994029
"AT3G13540.1",123937.459154216,97423.7616561717,128883.975694594,192433.205516271,327949.439083221,265522.666414862,0473,-1.14287169662493,17.3937658014084,-3.77515318751132,0.00169180673922893,0.00944981554342787,-1.44933977227522,-2.20820130335605
"AT3G14205.1",37618.2048841061,29365.2784656139,43469.2364736646,42129.614213738,69880.5951353992,60604.6651329894,0474,-0.631192132567376,15.465194361644,-2.06060283589581,0.05621302758848,0.0791523271475673,-4.77847785893352,-1.54884431109022
"AT3G15280.1",3194.64058740714,2819.06673269893,2929.03707295363,7092.65538721697,7782.00276875986,7565.01747475948,0475,-1.32787894835203,12.2039748851819,-4.81470386659551,0.000197499074073734,0.00214700606331769,0.67224213194206,-2.51033334017151
"AT3G15960.1",12605.5466504646,17617.4850586447,22280.772622457,17267.3810419366,33658.4876993785,30682.6965736055,0476,-0.616497111552286,14.3650032742276,-1.83947980452352,0.0847230138388816,0.109533205870984,-5.1416514052699,-1.53314814831584
"AT3G16320.1",4880.51867973494,3618.58724996796,5386.46745473856,5966.45672776022,10155.0496096594,9197.10225036894,0477,-0.849985794677606,12.581698013155,-2.73566216454905,0.0147908243556875,0.0353683834175625,-3.54408101357357,-1.80248317720148
"AT3G16400.1",11654.3702948711,11140.0232521868,17391.2897974254,14352.0440866053,22190.9708425177,22291.0710441771,0478,-0.550866910275174,13.9549206574395,-1.77101296065396,0.0958562588155362,0.122366244500308,-5.24881839092767,-1.46496572416512
"AT3G16565.1",10772.8922067133,8914.70983490712,11915.9995578031,13527.3631533506,20759.1883910253,19882.0989991419,0479,-0.762122438362631,13.7337676479766,-2.5614197289341,0.0210706162862197,0.0412204210095007,-3.8771959895325,-1.69598385758752
"AT3G16720.1",11601.0716197732,10014.7513881202,14200.0140262434,25087.8722649195,30115.4889941808,31825.031614569,0480,-1.28838715159248,14.1727883009127,-4.47016941421015,0.000398671425702205,0.00353328745188385,-0.0242351407319328,-2.44254840267454
"AT3G16895.1",20563.4488323912,21527.6225673644,29729.1975834265,38556.3296373233,72823.7035079114,64103.7653944826,0481,-1.25784239837797,15.1560794031666,-3.9397962708224,0.00119836933927627,0.00749826666669228,-1.11069251669012,-2.39137834243444
"AT3G17250.1",17482.7854117319,13602.5015914894,21984.6966728444,22242.4235242708,36469.0236226785,32763.5114360352,0482,-0.781887708983229,14.4741765271712,-2.51087923436093,0.0233249993259013,0.0427977755326429,-3.97220913451688,-1.71937914077494
"AT3G17600.1",96278.7266968678,72860.6523563427,99566.1121983083,94899.2099113683,146083.238942608,121973.787339094,0483,-0.425196641042707,16.6496643823558,-1.43042628808944,0.172085843108622,0.202065955148451,-5.73913757059691,-1.34275550947418
"AT3G17609.1",5413.50543071405,3498.60310502015,3122.54385430761,4512.78186236215,6610.39374884648,4161.62972485947,0484,-0.356527235466913,12.1064494572159,-1.12464846957502,0.277544444441956,0.308688045468446,-6.10956261621555,-1.28034023096986
"AT3G18210.1",27117.5459102006,22942.2019958845,31811.2459576668,36054.3315516863,56225.6328665361,48799.7076966123,0485,-0.773813175739518,15.1102619022641,-2.59829179609636,0.0195587527756709,0.0405202849512361,-3.80739922047926,-1.70978293018404
"AT3G18470.1",3930.16230375832,4211.2192182382,5541.90732828519,4685.50559293486,7569.88685002024,8114.43215169732,0486,-0.549821165026694,12.4140879796044,-1.7702884572023,0.0959806447959881,0.122366244500308,-5.24993812278918,-1.46390422065699
"AT3G18650.1",8.1997961689095,3.92471502165722,0,15.9744490703085,31.4859566879126,0,0487,-1.20179833091197,2.43477987868951,-1.26175083182101,0.225359484720563,0.257735790783359,-5.9523845137639,-2.30026221894423
"AT3G19160.1",1662.09868343796,1221.70771888444,1500.47061607264,1349.84094644107,1564.35490070471,1274.09512185811,0488,0.0597923727739165,10.4726646300291,0.209797948793824,0.836508404107882,0.850814885868279,-6.72432385972715,1.0423157438979
"AT3G19350.1",56431.8172140521,44824.7309359216,63597.1139767954,81390.8164162887,122720.659080177,106167.549710267,0489,-0.906880274497274,16.1844343380043,-3.05493131548939,0.00765155997736837,0.0235845339546324,-2.91556822363842,-1.87498658620581
"AT3G20470.1",847230.819478704,658765.098405888,784199.449113311,1033140.50480073,1523612.07275055,1170329.08607509,0490,-0.691162887213462,19.8798037694924,-2.37375413255927,0.0306515432458905,0.0508306816950735,-4.22585922058814,-1.61458443307206
"AT3G20740.1",17254.8310782363,12873.0652710357,19421.5248804835,18995.6167507306,30829.7230643119,23764.0493070082,0491,-0.563223404686523,14.2724182175307,-1.84544375655008,0.0838096975025164,0.108636348814626,-5.13219201019937,-1.47756685053546
"AT3G20950.1",1240.62916035601,811.855335908522,1420.10714403492,1242.01341521649,1869.27153389291,1660.67422712433,0492,-0.476468992455739,10.3774588473182,-1.52479051228122,0.147089249052603,0.175776868548678,-5.61089666034655,-1.39133419423228
"AT3G21580.1",15326.2390193088,11905.3426814099,15764.9869027674,18525.3689062234,29144.395803701,23592.512597919,0493,-0.715531573216328,14.1536927140835,-2.40958273616822,0.028551348912708,0.049174469762773,-4.16019797284668,-1.64208814746492
"AT3G21700.1",5015.81531652194,3763.24103219475,4212.73779734558,5195.68956011784,5783.47309688499,6533.31118096218,0494,-0.434527402382491,12.2877917803135,-1.52738912354102,0.146446263512858,0.175215588652662,-5.60727866130953,-1.35146804700257
"AT3G21720.1",2212.30500637178,1696.59823650496,1677.05877173446,5879.59566094042,5800.04465303652,6271.03403880407,0495,-1.6949059419592,11.6987341171156,-6.00889648940481,1.92617384686292e-05,0.000499323527994465,2.9862961283571,-3.23755778327858
"AT3G21820.1",10606.4363444844,7624.03926635641,11528.9859950951,12691.6997863601,19635.6368839514,16951.0587090527,0496,-0.726574622773644,13.6174275088381,-2.39526803672108,0.0293736304064038,0.0501469425739599,-4.18648581708804,-1.65470567186842
"AT3G21830.1",83648.5806578965,65651.5115351329,91582.6356998246,122592.914180882,187001.725391973,158115.826132407,0497,-0.949807831965085,16.7540490784739,-3.20007934680174,0.00565279474045398,0.0199824317573391,-2.62400185538037,-1.93161534813562
"AT3G21860.1",101477.397467956,84159.9069036939,124461.869904308,145174.794747897,235352.554775301,181106.717228883,0498,-0.847122794147889,17.0625719434341,-2.79352767619587,0.0131372404862265,0.0331215714004364,-3.43174243711775,-1.79890973093332
"AT3G22560.1",3670.22876520389,2978.29802786331,4682.22966030277,2108.62727728072,4514.09189567757,4307.06302169596,0499,0.106652138380765,11.8053712993286,0.313265169097044,0.758179194519827,0.781365102609118,-6.69606772141917,1.07672672529595
"AT3G22680.1",20654.4665698661,16386.2458889934,21683.3336527029,22391.185581238,35381.9295391379,32933.8051254933,0500,-0.609970565145806,14.5512810515919,-2.0386276116082,0.0585950719054136,0.0821631313403234,-4.8156619731227,-1.52622806949053
"AT3G22810.1",7008.36578556695,5594.96160015963,7819.57731209101,8671.13063597683,12721.9836575318,13127.5303238473,0501,-0.746480016780636,13.0926726553837,-2.49613869905732,0.0240245970070903,0.0436850136226048,-3.99977213353622,-1.67769448235848
"AT3G22968.1",104494.922458115,82225.0223980169,121645.976140671,133686.170657144,220396.725348542,214783.848093763,0502,-0.866016175640606,17.0639199133764,-2.79909082111935,0.0129880402951399,0.0329095457102416,-3.42090140522047,-1.82262299659044
"AT3G23060.1",11853.6253417756,9798.89206192904,12963.8969366107,12842.4586494611,19547.8076363482,16363.1104235514,0503,-0.482583661260062,13.7259704001705,-1.64225420314569,0.120299830992248,0.147600884870343,-5.44290760139868,-1.39724369145709
"AT3G23310.1",29035.4782341085,21654.895468781,34085.7436991553,34563.7157728131,55774.8865392144,51528.1357868353,0504,-0.737497633826926,15.130406895606,-2.38265524486136,0.0301166004776864,0.0507073526154838,-4.20958882574283,-1.6672814163319
"AT3G23460.1",4932.17739559907,3963.96217187379,5779.82550208107,5837.66273213086,12249.6943072131,8866.45902850137,0505,-0.829283517978492,12.6541259747534,-2.55306826668017,0.0214282304623519,0.0413402616815318,-3.89294949517966,-1.77680273409494
"AT3G23570.1",28337.6755801343,22180.2466081085,29756.6903501762,41932.9288095598,64630.7261465936,51465.9848052812,0506,-0.96621081717946,15.1792762345524,-3.26576715399815,0.00492694801506362,0.0182459503414993,-2.49115332727377,-1.95370252640732
"AT3G23780.1",52263.0408417785,39724.2834284908,57473.6288903425,69097.4794536194,107128.4818972,89488.7123004205,0507,-0.824286010276396,15.9994558615761,-2.74838550953299,0.0144108227758069,0.0349384696075318,-3.51944819066597,-1.77065852249002
"AT3G24060.1",4565.64650684881,3336.00776840864,6201.73373027908,6394.77164345787,8882.35409722165,8583.05055261489,0508,-0.789095714306873,12.547863594497,-2.52629535571133,0.0226140864181145,0.0422603352471603,-3.94331033859044,-1.72799101300966
"AT3G24065.1",41372.8915498498,30765.841054771,45084.965227265,36304.9307214767,64670.4978813572,51719.5608100218,0509,-0.360432596020809,15.4155204754217,-1.15785273867718,0.264138543230131,0.29637320603601,-6.07288297701029,-1.28381079400236
"AT3G24068.1",45787.6618071907,39376.1051387124,49428.8223737247,138835.933676185,247332.132717244,215794.423053832,0510,-2.12585543212513,16.5098831549029,-6.95946109759515,3.45895193814917e-06,0.000173644862466018,4.69000423151262,-4.36461812182547
"AT3G24690.1",2550.95658814775,3542.89631740743,5034.34855752066,4489.81859182358,7170.5123467683,4712.28742142839,0511,-0.57898588833311,12.0916211726616,-1.77088327062488,0.0958785141761513,0.122366244500308,-5.24901885130641,-1.49379884550406
"AT3G24790.1",9046.83511315785,6508.29885305672,9258.7179100296,15288.5461633521,27212.1523564322,25628.5787536298,0512,-1.42980022960194,13.7110320774556,-4.53426664421841,0.000349532036864341,0.00327200823398008,0.10605619871227,-2.69409407591882
"AT3G24870.1",40470.0939916528,31342.7741629546,45771.2269819029,48522.3890510621,75350.8658210202,67554.3878903637,0513,-0.696283715871033,15.5890353179678,-2.3115446578314,0.0346470829160719,0.0552495281201083,-4.33876860481069,-1.62032556406524
"AT3G25170.1",2691.1731026361,2064.4001013917,1471.92043521713,3394.57042744056,5809.98758672744,5707.94614592434,0514,-1.26059660762864,11.607373241317,-3.8469727341331,0.00145536508815066,0.00860452692468024,-1.30162719789104,-2.39594801730256
"AT3G25250.1",1589.94047715155,1360.75476536601,1586.12115863915,1182.10923120283,2252.07448099332,1700.45085531892,0515,-0.133161574347659,10.6262847524202,-0.43277994904834,0.67102776493464,0.701560569130218,-6.64972734794041,-1.09669440578483
"AT3G25260.1",112053.494566616,97909.3049717082,117765.266372534,155242.691274459,256797.805591,207624.055018736,0516,-0.89316473583537,17.1794426681197,-3.0148117013768,0.00831712119802061,0.0249513635940618,-2.99560354097418,-1.8572457643049
"AT3G25280.1",2345.96168392501,2403.60761397779,2605.46835659125,2969.25072094359,5014.55289145386,4445.03820074596,0517,-0.723607225954984,11.6204852733197,-2.42954608105525,0.0274408067852492,0.0477498376245902,-4.12341890543744,-1.65130570032501
"AT3G25290.1",269039.412200005,193976.79725111,252507.316213036,283096.191214806,421891.933750646,327950.841346647,0518,-0.5238710023484,18.1115910849189,-1.77213009098928,0.0956647421677082,0.122366244500308,-5.24709125244698,-1.43780796642223
"AT3G25420.1",33426.4690825596,24098.3109065499,35707.8169373903,34058.5238209646,51467.939095431,40321.0707930082,0519,-0.432341227850694,15.1193184465088,-1.43865466261799,0.169775232840108,0.199816950409021,-5.72820254415827,-1.34942166332456
"AT3G25540.1",10250.5651907538,7604.97636482265,11607.2346389213,11767.178546416,18788.830364608,16082.1879869271,0520,-0.658066114826228,13.568811484251,-2.15528958081671,0.0469288899366318,0.0683647085388108,-4.61572028301405,-1.57796599397749
"AT3G25700.1",22385.4435411229,16648.6411218699,20624.8621328378,34470.8642875919,49761.0688118231,39029.573396315,0521,-1.04083319746183,14.7889859297321,-3.56623498769726,0.0026230286650635,0.012185196991249,-1.87837606299957,-2.05741552630806
"AT3G25710.1",9240.35030274412,6079.94424212156,8003.56736649315,7424.12520542587,10491.4521995355,11102.6513448162,0522,-0.31447838313918,13.0607642954234,-1.04115051868344,0.313485879861326,0.346376201682842,-6.19775633963578,-1.24356195315923
"AT3G26110.1",1045.47401153596,1039.48880716464,1107.11256873013,4853.2373081731,4038.48823412857,5558.78379019461,0523,-2.16584785727424,11.1390090052425,-7.67299184873623,1.03301653129291e-06,0.000138488731428053,5.88285546974631,-4.48730067854874
"AT3G26410.1",9378.1068783818,7440.13833391305,10247.4000989147,8607.2328396956,15592.1771829773,12866.4962013203,0524,-0.42397295763829,13.3385376596514,-1.36907812444211,0.190135940626145,0.221117126308887,-5.81913363078986,-1.34161707692426
"AT3G26590.1",4582.04609918663,3547.94237957813,4774.22468750384,8394.57298644711,11593.4606836124,10200.2190926514,0525,-1.22546590003917,12.6716054233263,-4.22487076450559,0.000661653622430275,0.00502956249832337,-0.525245139948948,-2.3383095025602
"AT3G26650.1",389731.392030567,257399.070653942,431645.954697953,401122.409767714,645642.742064259,565989.100698675,0526,-0.586404401785281,18.7149587099032,-1.86619331071016,0.0806998781816222,0.10556212760849,-5.0991293192787,-1.50149992391023
"AT3G26990.1",20599.5279355345,16175.432624973,22268.0836531879,28040.1501337259,43033.0170143007,36600.7130371825,0527,-0.857772406490842,14.6804709130912,-2.89074844863563,0.0107540264685388,0.0295147689790049,-3.24131810688585,-1.81223796293484
"AT3G27150.1",1711.29746045141,1223.95041318253,1452.88698131346,1767.17342840288,2644.82036178465,2717.24091354325,0528,-0.686692134008181,10.8453209592305,-2.2880590670197,0.0362785619147936,0.0569153133291364,-4.38101815114281,-1.60958875807325
"AT3G27300.1",52946.9038422655,38391.5623418509,57396.4376606221,53296.7525169505,88352.9087775129,75331.961722038,0529,-0.534754385214466,15.8438851566836,-1.73831171219353,0.101613381395826,0.127934157647796,-5.29905379862983,-1.44869549721272
"AT3G27440.1",458.368605842041,368.362538461256,657.711573782368,616.014692273771,1183.20910921945,825.36503503784,0530,-0.811199763990791,9.31756831008986,-2.4605655797028,0.0257959019586072,0.0454840134318401,-4.06600394857423,-1.75467004251909
"AT3G27640.1",4322.1125606322,3559.7165246431,5089.33409102016,5517.1753476578,9722.53199410437,8692.43628015002,0531,-0.857866657917768,12.4920503908499,-2.76313913624165,0.0139819867262488,0.0343936461806266,-3.49083613035954,-1.81235636050924
"AT3G27680.1",22660.1367127814,15524.4906049524,22228.9593312748,31229.0495293862,64935.6427797818,50058.8865828974,0532,-1.23275276045389,14.8932102257017,-3.76650478813909,0.00172277263920073,0.00955122581536991,-1.46712307245583,-2.35014986916676
"AT3G27785.1",2579.65587473893,5719.43113370362,5732.24186732189,4448.88406608092,7909.60375112667,6789.37322496488,0533,-0.499277876754757,12.3498274897169,-1.39671892500715,0.181821768356003,0.212756721999906,-5.7834278048298,-1.41350587230891
"AT3G27870.1",18743.0940828933,14030.8562024246,21353.420451706,22756.6011037213,37706.918867198,33872.2849469596,0534,-0.790562402742221,14.5128858187588,-2.55813900315915,0.0212104142517414,0.0412204210095007,-3.8833869512466,-1.72974863543654
"AT3G27910.1",829.819372293642,509.091605666394,853.333183347863,2231.43085450872,4045.11685658919,3052.85621393514,0535,-2.08382662166919,10.5191328455217,-6.42218217455332,8.99191271906991e-06,0.000324672277106417,3.74304614193336,-4.23930163768887
"AT3G27980.1",12665.4051624976,9778.1471396717,13787.6225249973,16559.5132675085,27931.3578934087,18877.7391372284,0536,-0.784727045564066,13.9374979116462,-2.56525749727048,0.0209081977503823,0.0412204210095007,-3.86994980579154,-1.72276634533433
"AT3G28490.1",15250.8008945548,11626.1272412977,16586.5976629425,26773.176641837,46811.3318168502,39063.1349263542,0537,-1.35233208515667,14.4827381724672,-4.38086454530154,0.000479149726330635,0.003938377018864,-0.206231235986549,-2.55324518593088
"AT3G28750.1",27166.7446872141,23279.1668141725,27917.8472202606,29313.1140440161,45280.1200284486,46372.0903571109,0538,-0.600519132035734,14.9687171373709,-2.02033963213489,0.0606470978070218,0.0844548428139106,-4.84643156323458,-1.51626207238015
"AT3G28917.1",97498.0363871846,74660.9752041344,103687.912382559,137144.638880866,191018.670603105,168667.819780655,0539,-0.84981872596838,16.899272197216,-2.91099844737963,0.0103134240371621,0.029125339948522,-3.20140865441451,-1.80227445595856
"AT3G28960.1",58595.7434230273,45413.4381891702,57165.9213855665,91461.7081520513,158170.531999536,126377.805892014,0540,-1.19571073707173,16.3019517878793,-3.94764863008166,0.00117885300436768,0.00749572570701715,-1.09454257706633,-2.29057648524496
"AT3G28980.1",2289.38309035953,1761.07569757505,1693.97739742661,3332.66943729311,5871.30234448812,6637.72482997299,0541,-1.41593753243893,11.5984633382589,-4.403599465069,0.000457208029108713,0.00384236005337679,-0.159850965461648,-2.66833080022829
"AT3G29630.1",13307.4492025232,8514.9495762726,11577.62704396,14831.2775587145,23511.7238677949,19567.6150324784,0542,-0.792892501954944,13.814840621751,-2.59203887246277,0.019807621375118,0.040742176573363,-3.81926332554109,-1.73254461268374
"AT3G30842.1",6071.1290834606,5064.56439866138,7122.74141639555,6364.81955145104,10073.8489845169,7932.95128555948,0543,-0.405170493169472,12.7602230748558,-1.3556500816975,0.194284519492685,0.224996161749261,-5.83627767461133,-1.32424539631115
"AT3G33528.1",662.543530447888,376.772642079093,500.156872024212,391.374002222558,879.949631646398,523.311264685137,0544,-0.176246975182822,9.05630354637166,-0.512212637709154,0.615591810038979,0.648295124947299,-6.61091792919725,-1.12994063272227
"AT3G42830.1",3595.61062006682,4175.89678304328,5554.59629755431,4223.24497296281,5980.67461508823,5564.99888835002,0545,-0.250957439421018,12.2189334172785,-0.839105230386547,0.413934064167086,0.446624694634924,-6.38619317244738,-1.18999659000251
"AT3G43505.1",48048.345610959,31567.6042663381,49556.7694805216,36391.7917882965,57778.3876779347,38667.8546836704,0546,-0.0377537209468279,15.383962078342,-0.121100693355974,0.905138955172481,0.913361005593863,-6.73968843477425,-1.02651429693811
"AT3G43520.1",41610.6856387482,31664.0401211559,43783.2884630751,54003.6218883117,70377.7418199452,62093.8026510245,0547,-0.677467406718074,15.5765437180169,-2.34633260973165,0.0323562540464191,0.0526766068291943,-4.27580419767506,-1.5993297302609
"AT3G43540.1",16000.2622643931,12360.6096239222,17277.0890740034,18541.3433552937,30513.2063418176,26186.6945679852,0548,-0.705399237105032,14.2314106630447,-2.32819209066367,0.033532495521113,0.0541555159294653,-4.30869387706336,-1.63059583728215
"AT3G43720.1",336251.501437323,227537.596074875,310533.97268069,465022.202855082,595296.697320287,462615.859119078,0549,-0.810106607469983,18.5381644572873,-2.76113367821705,0.0140395456059752,0.0344514092418468,-3.49472839313701,-1.75334100039499
"AT3G43890.1",97.5775744100231,98.678549115953,133.234177325689,235.62312378705,401.031658867097,563.087892879731,0550,-1.78212724955767,7.66806594939445,-5.27743013322359,7.84632276157166e-05,0.00116656357528661,1.58953290320884,-3.43932928962759
"AT3G43920.1",8261.29464017632,6530.72579603762,9611.89422135325,10687.9048311033,17438.2485382581,15710.5251172338,0551,-0.832360613080736,13.3882904561546,-2.72512297998831,0.0151128997392552,0.0353683834175625,-3.5644554207526,-1.78059648511443
"AT3G44370.1",10157.0875144282,7691.88076887363,10441.9642943744,11339.8620337852,18021.5673147921,14742.2128246217,0552,-0.628209947856812,13.5040693364525,-2.10045409307547,0.0521176059567418,0.0743172068015034,-4.71047126499835,-1.54564601270314
"AT3G44460.1",123.816922150533,294.914300198814,385.956148602193,36.9409134750884,72.9148470667449,0,0553,4.10508560831887,5.87036773322504,3.9519049682746,0.00116840878749786,0.00747633724152114,-1.0857888313122,17.2089313806373
"AT3G44720.1",127794.643272071,96739.1792216798,148841.609526698,156415.814878059,225608.4797582,176814.57044276,0554,-0.58721842203008,17.1965208049954,-1.96346683818639,0.0674520647876802,0.0924038448514155,-4.94107631821167,-1.50234736303273
"AT3G45090.1",34940.9714349572,25995.0696091593,36013.4096139548,40531.1709036402,62101.9066778696,50912.8410694501,0555,-0.656652458160458,15.2933148680499,-2.20532944183647,0.0426138935829196,0.0640525702029529,-4.52811563332193,-1.57642054636867
"AT3G45870.1",34005.3746920846,18582.9649539724,42236.2916263491,30328.4899630476,56847.0662222185,49094.3033491785,0556,-0.555012216256516,15.1446787809674,-1.56513419036404,0.137370031319471,0.165729238262512,-5.55421744470943,-1.46918107375698
"AT3G48950.1",31240.4034239283,24071.3985749728,33117.1523782797,75136.8196052629,122728.944858253,99473.8889968949,0557,-1.73427522458461,15.7010037757148,-5.75959338204918,3.08421904880185e-05,0.000611401070262485,2.51821572273701,-3.3271230520341
"AT3G49307.1",36296.3977416779,28943.0912639984,45707.7821355573,49927.1421661823,94250.7256118435,80622.2532719191,0558,-0.993987297587971,15.6465748162064,-3.09136423610627,0.00709261440163871,0.022638960901154,-2.84266711325176,-1.99168197006682
"AT3G49500.1",18192.0677803426,14427.2524196119,20552.9579736461,23188.9096316866,38305.1520442684,32829.3914764825,0559,-0.811467874704,14.5040135293473,-2.67185084704727,0.0168470907992137,0.0370921792168912,-3.6670154034068,-1.75499616102632
"AT3G49540.1",4489.38840247795,3582.70414119852,3350.94530115165,7630.79464027299,9228.69962078869,10934.8436946203,0560,-1.27866942907769,12.5228824602093,-4.39193774383513,0.000468331861342611,0.00388101239194573,-0.183637440807792,-2.42615114235255
"AT3G49660.1",13934.7336094448,11498.8543398811,14917.9982040541,17808.5155041933,27082.8942184503,22245.0793178271,0561,-0.722026450841772,14.0679106724057,-2.46382909980005,0.0256283785147269,0.0453770414682817,-4.05994485542044,-1.64949733936554
"AT3G49680.1",39538.5971468647,30275.8123506383,41014.9783341969,44926.1412041089,69774.5371760294,57386.4873081204,0562,-0.624449087754277,15.4725027681541,-2.10116743782484,0.0520468526693394,0.0743172068015034,-4.70924729801995,-1.54162202416728
"AT3G49730.1",8622.08567160834,6483.62921577773,8874.87658963893,11763.1849341484,20406.2142449976,16747.2034895554,0563,-1.00605111813215,13.4538491460407,-3.28274263526366,0.00475487866846029,0.0180044282165294,-2.4567427697895,-2.00840624784903
"AT3G49770.1",2855.16902601429,2221.38870225799,3492.63879132341,1844.05046455374,4257.23277532881,3440.67833883244,0564,-0.0953681255023877,11.5037760091016,-0.278602870200178,0.784165209746945,0.804863986857017,-6.70676742512825,-1.06833797589568
"AT3G50020.1",7670.08933639795,6497.08538156627,8887.56555890804,18938.7077759176,25785.3413717852,23408.545692519,0565,-1.56316853639462,13.6778341454916,-5.40502257683343,6.11071231786047e-05,0.000976406133452616,1.83815850425093,-2.95502131414875
"AT3G50060.1",32555.6507294214,26539.4836500207,48339.6858447925,104162.393566013,89552.6894428839,57371.5710725475,0566,-1.22650186662089,15.6957582771636,-3.72915655524815,0.001863180810342,0.00989764242718554,-1.54390537713255,-2.33998919257155
"AT3G50720.1",7766.02695157419,6225.7193714974,9328.50724100973,17692.7007484336,26739.8630061135,25695.7018137082,0567,-1.58400457434602,13.6969984440626,-5.24312980403013,8.39468425124454e-05,0.00117875358027892,1.52235977399552,-2.99800870926739
"AT3G51300.1",11123.8434827426,8702.2145501631,11170.5226132427,12021.771328474,17433.2770714126,12676.3141977649,0568,-0.432238007372037,13.5415750951397,-1.47702296294264,0.159335851064411,0.188628273332692,-5.6765839555495,-1.34932511972847
"AT3G51450.1",7106.76333959387,5368.44947605256,10647.1026308917,8911.74577509835,10372.1369952445,11193.3917778852,0569,-0.44955341418069,13.0794590919358,-1.43507754299813,0.17077657190001,0.200761760687105,-5.73296222784135,-1.36561746484157
"AT3G51895.1",74076.9585899284,60551.0640277021,76508.1402081181,68152.9901523374,99845.282968601,75911.2088701218,0570,-0.196662061845014,16.1936609405012,-0.676213646934689,0.508689534547691,0.539082934410604,-6.51100136936713,-1.14604370399993
"AT3G53000.1",11825.7460348013,8679.22693360768,13326.5899748861,13385.5899178516,21587.7661986019,17869.6502164217,0571,-0.638795880559014,13.7578682459113,-2.08647913160224,0.0535216147724687,0.0762117641337548,-4.73440294894871,-1.5570290705683
"AT3G53370.1",29459.4076960412,24278.2871239716,34923.2156709168,34492.8291550636,53403.49685393,43125.3230807271,0572,-0.556379020787189,15.113478947976,-1.86333902675102,0.0811214804087664,0.105676052735313,-5.10369130541859,-1.4705736306157
"AT3G53410.1",16605.4072216586,12453.1207637184,19957.6338321036,21883.9968232557,33078.4832340749,31058.088502192,0573,-0.815172745294458,14.3770907945032,-2.66473747137402,0.0170926678764124,0.037404084898383,-3.68065480938863,-1.75950881914752
"AT3G54100.1",11660.9301318062,9519.11594824233,13728.4073350747,14638.5857668039,23195.2071453006,20677.6315630338,0574,-0.734592464145544,13.8577176061175,-2.43589307298274,0.0270963675501145,0.0473133464476092,-4.11169725234144,-1.66392737295045
"AT3G54550.1",7170.72174971136,8009.78268562787,11671.7368993726,18270.7761241653,30145.3177952535,26442.7566119879,0575,-1.48032547188818,13.8357249156948,-4.72257458991717,0.00023802984847281,0.00253313870322116,0.486988813687129,-2.79011671181576
"AT3G54710.1",2626.39471290171,2283.06279545546,3453.51446941031,3066.09581843234,5496.78517546347,5207.00923459866,0576,-0.694245852535962,11.7708132850117,-2.18447444092638,0.0443655920084941,0.0659500790301132,-4.56475557230745,-1.61803840637888
"AT3G54740.1",7455.25467677252,6330.5653299331,8845.26899467766,9504.79719683356,15734.6925658805,16095.861202869,0577,-0.842467140514684,13.2890453434724,-2.72695333385887,0.0150564831254634,0.0353683834175625,-3.56091892558155,-1.79311391028895
"AT3G54800.1",1970.41101938895,1429.71761503227,1642.1641062444,2211.46279317083,3728.60013409491,4609.11679204866,0578,-1.01234444550109,11.2094378803451,-3.13042844600474,0.00653786451279082,0.0215302313434251,-2.76428160459905,-2.01718645844905
"AT3G55110.1",100741.055771988,73412.3551536728,93700.6361536607,136146.235813972,202013.898109647,162838.057710884,0579,-0.897383166012027,16.8819742788318,-3.04876239095869,0.00775039038026457,0.0238165491624543,-2.92789163868567,-1.86268428511158
"AT3G55120.1",569312.667987004,449828.969512944,558053.466556859,798104.442017017,1234776.47765179,1019433.96097964,0580,-0.937815634817831,19.4648847771095,-3.19137590903188,0.00575657311440949,0.0201428323818556,-2.64156527611078,-1.91562561877873
"AT3G55320.1",21627.7823751157,16659.2939197859,23553.8992057914,27468.0651763955,41722.2069227144,36754.8474714366,0581,-0.770412729859361,14.7013832312485,-2.58620820597633,0.0200424106546456,0.0409844069013457,-3.83031616147988,-1.7057577012332
"AT3G55420.1",22874.9713724068,12984.6393123657,25119.9294964211,42869.4308863066,54150.8740363641,58163.3745775461,0582,-1.39249668956265,14.9505073557737,-4.36386062768383,0.000496259761366417,0.00404611789307619,-0.240940452676833,-2.62532619821377
"AT3G56160.1",12455.4903805735,8049.02983584444,10907.2265009086,13982.6349518544,21552.9659306837,17240.6822830946,0583,-0.749404360214962,13.7055413074732,-2.47102499867337,0.0252626338218606,0.045124598575797,-4.04657255470081,-1.68109861868349
"AT3G57220.1",13098.354400216,10037.1783311011,14366.0280408477,17751.6065293803,24840.7626711479,22174.2271988555,0584,-0.790664148665126,13.9889627368873,-2.69348052492946,0.0161210327411393,0.0366255373062739,-3.62546093914192,-1.72987063008716
"AT3G57240.1",817677.934106337,738388.034744546,780426.595583962,1313244.48202406,2076175.69822288,1564709.38254598,0585,-1.05952179808398,20.0994615045879,-3.6386046281176,0.00225321540719429,0.0112772315676902,-1.72992228485908,-2.08424055581596
"AT3G57250.1",2557.51642508287,1840.13067158271,1750.02034503186,4268.17311097305,5763.58722950315,2266.02478746082,0586,-0.919292924042729,11.4401292017302,-2.62876541242738,0.0183881277123412,0.039055456128523,-3.74942166662125,-1.891188180376
"AT3G57270.1",67941.8710963504,49298.9060606109,72860.061543248,158017.253397358,255374.308917583,214904.420997978,0587,-1.71704710933535,16.7899209663032,-5.63154090318443,3.94060154040507e-05,0.000724354210427187,2.27451032077957,-3.28762810065817
"AT3G58200.1",20634.7870590608,15630.4579105371,22108.4141232182,24251.2104948621,40368.3107851342,34810.7647684258,0588,-0.75222951888682,14.6085810062309,-2.46743988441007,0.0254442308576523,0.0451852590861464,-4.05323696433161,-1.68439385674286
"AT3G58470.1",14318.4840701498,12713.8339758713,15683.5660166239,17321.2948075489,26759.7488734954,23623.588088696,0589,-0.646399994087522,14.1155249594741,-2.20793815891638,0.0423993427133395,0.0638833613758365,-4.52351960982378,-1.56525747842619
"AT3G59580.1",3247.11928288816,2247.17968668602,3209.25181097988,3796.92686339895,5765.24438511831,5031.74346661623,0590,-0.744380246229554,11.8549905507717,-2.47298965252311,0.0251636400259817,0.045027327550916,-4.04291866458346,-1.67525445795908
"AT3G59640.1",9422.38577769391,7604.97636482265,10255.8594117607,11464.662417147,16815.1580269605,14784.4754920784,0591,-0.651745551111045,13.4656224306466,-2.22508410127815,0.0410139361155714,0.0620734871449741,-4.49324199862555,-1.57106791881699
"AT3G59790.1",10152.9876163437,13142.1885868065,18850.5212633734,22292.3436776155,41089.1734777259,35279.3831693433,0592,-1.22774333020337,14.3452649368367,-3.70640123037781,0.00195430932937145,0.0102906600624715,-1.59067235756531,-2.34200365962662
"AT3G60780.1",202.534965372065,160.913315887946,176.588155661825,335.463430476478,631.376289373404,380.364007110812,0593,-1.26445600506528,8.12576207884866,-4.06227347095186,0.00092792649166222,0.00625422455380336,-0.858899271583681,-2.40236607154345
"AT3G61620.1",11109.9038292555,9659.84501544746,12931.1170993321,11260.9881915006,17832.6515746646,14488.6368198811,0594,-0.355976389633183,13.6234192226188,-1.2000191346918,0.247827817884128,0.280890049193782,-6.02501395238264,-1.27985146831594
"AT3G61740.1",12974.5374780655,10283.3140303164,14853.4959436028,16089.2654230013,25840.0275070853,22526.0017544514,0595,-0.746789117289707,13.9901534446479,-2.4692566888589,0.0253520500184017,0.0451852590861464,-4.04986020889676,-1.67805397051146
"AT3G61900.1",9033.7154392876,6935.53211684283,9164.60805461701,11130.1973897374,19522.9503021209,12938.591339923,0596,-0.763835261830012,13.4030100258862,-2.48949871561991,0.0243462080399216,0.0440638738567175,-4.01216566130907,-1.69799859110306
"AT3G62130.1",19299.0402631454,15641.1107084531,21497.2287700893,23689.1095682006,34614.666489322,30655.3501417217,0597,-0.651213027596549,14.5127378461582,-2.21889338624767,0.0415092319756062,0.0626355724288625,-4.50418799311311,-1.57048811768261
"AT3G62230.1",16526.6891784371,13697.8160991582,17723.3178266339,15379.4008424395,24151.3859352441,22017.6067253393,0598,-0.342438551556713,14.1271537706209,-1.15401763466085,0.26566148231424,0.297434948637538,-6.07716548570619,-1.26789788004102
"AT3G66656.1",1872.01346536204,2092.43378011782,2315.73689161316,2432.10987095447,3393.85469983394,3444.40739772568,0599,-0.549166372171419,11.3014763918564,-1.89780951031552,0.0761588491535491,0.10104540222341,-5.04830393529326,-1.4632399523939
"AT4G00220.1",13460.7853908818,12281.5546499145,15450.9349133568,21841.0654913793,30534.7493648146,26412.924140842,0600,-0.928546421252623,14.2030748989682,-3.23760491583383,0.00522610432187771,0.0191434473529651,-2.54817049249313,-1.90335731341066
"AT4G00231.1",16184.7576781936,13129.2930945924,18230.8765973984,20416.3443149212,31456.1278868398,29757.8899680812,0601,-0.767471936275374,14.3228107100297,-2.56509884324416,0.0209148884127342,0.0412204210095007,-3.87024945049472,-1.70228422136892
"AT4G00540.1",948.716416742829,918.943988642312,1136.72016369139,1653.35547877693,2290.18906014185,2330.66180827703,0602,-1.05079731550226,10.4882937355699,-3.62952477364962,0.00229658550549598,0.0114376746111155,-1.7485599897334,-2.07167445674004
"AT4G00550.1",14575.1376902366,11277.3882779448,15653.9584216627,18287.7489763025,28517.990981173,24207.8073153041,0603,-0.764874083563528,14.1247457831286,-2.56323980800491,0.0209934389798291,0.0412204210095007,-3.87375999650544,-1.69922168607634
"AT4G00570.1",86567.7080940283,63676.8192056648,95745.6750341994,108060.159139169,162974.626127866,139577.431354464,0604,-0.739835214197086,16.6722496352444,-2.46002478107521,0.0258237623243088,0.0454840134318401,-4.06700766469154,-1.66998508090623
"AT4G00610.1",1209.46993491415,905.487822853773,878.711121886089,1766.17502533598,2961.33708427893,3387.22849469596,0605,-1.39989445692414,10.6487410293194,-4.4013454154097,0.000459336908992861,0.00384236005337679,-0.164447904385801,-2.63882276642934
"AT4G00690.1",2090.94802307192,1900.12274405662,2643.53526439858,2891.37528172584,4989.69555722656,4452.49631853244,0606,-0.870573717147183,11.5326421103284,-2.83097461734911,0.0121640974414632,0.0321094060399981,-3.35863571103162,-1.82838985247162
"AT4G00730.1",42291.2687207676,35584.269754217,45318.6537446378,70034.9799334331,94756.1580744653,78547.6535076448,0607,-0.978035595176252,15.807333832182,-3.42035541207507,0.00356306818507997,0.0150094247296494,-2.17676140134921,-1.96978148501145
"AT4G00780.1",13608.3817219222,7082.42859336772,14893.6776796216,13431.5164589288,29392.969145974,27146.3057231798,0608,-0.966713546238053,13.9450418769286,-2.61650307239845,0.018850872748266,0.0395399011379604,-3.77278258749439,-1.95438344243754
"AT4G01180.1",5180.63121951702,4338.4921196548,6250.37477914401,5346.44842321887,8933.7259212914,7189.62554617299,0609,-0.429761792428613,12.5590338616868,-1.41326655286823,0.176987489587969,0.207580454725564,-5.76178670976905,-1.3470111495774
"AT4G01500.1",3554.61163922227,3892.19595433492,5048.09494089554,4380.99265753211,7057.82576493787,6748.35357713921,0610,-0.526229030312427,12.2712579735454,-1.72602604901181,0.103853109636832,0.130429184897934,-5.31776420003054,-1.44015992822706
"AT4G01840.1",11544.4930262077,7736.1739812609,13601.5176423836,11599.4468311778,19816.2668460031,17005.7515728203,0611,-0.561987959651361,13.6624003932531,-1.75004317413573,0.0995141634978691,0.126234403132178,-5.28110407031098,-1.47630208480734
"AT4G02235.1",0,19.0629015337636,31.722423172783,63.897796281234,0,0,0612,1.11285615284779,2.56312727132292,0.848082392794116,0.409064580547947,0.441842191168776,-6.37859647594141,2.16273387597354
"AT4G02700.1",1903.99267042079,1357.39072391888,1848.35985686749,1182.10923120283,1700.24166114728,1331.27402488784,0613,0.278549240100483,10.5794129770675,0.943624160615284,0.359577361143574,0.392583922371656,-6.2932261921266,1.21297451569672
"AT4G02910.1",0,5.6067357452246,0,0,0,0,0614,0.907979213755865,0.453989606877932,1.70441325999032,0.107897679843922,0.134672289286674,-5.35046042307031,1.87641535755199
"AT4G03110.1",3679.24854098969,3991.99585059992,6772.73734738917,7450.08368516512,13118.0438495535,13270.4775814217,0615,-1.23469040485501,12.7955384271437,-3.66708554330331,0.00212243080221876,0.0108372603082988,-1.67144194828023,-2.35330841202446
"AT4G03540.1",490.347810900788,541.610672988696,550.912749100665,709.864580561834,1085.43692792541,964.583233718922,0616,-0.780468543573919,9.43445788338645,-2.69185968768407,0.0161743798759353,0.0366643454138355,-3.62857904062443,-1.71768863544779
"AT4G03565.1",828.17941305986,563.476942395072,477.951175803264,1144.16991466085,2502.30497888147,2187.71455070271,0617,-1.60226209763677,10.0478130866903,-4.63255690159995,0.000285894647819247,0.00291959079742685,0.305252408135239,-3.03619004728747
"AT4G03930.1",162291.185754674,131944.43363952,153905.56567918,152223.52040017,228074.327313548,182686.595179987,0618,-0.3148333641623,17.340587069281,-1.08509678092969,0.294168584755601,0.326101358758676,-6.1520672225627,-1.24386797431794
"AT4G04580.1",307.492356334106,1220.02569816087,1309.07866293018,649.960396548177,1282.63844612865,1414.55634017027,0619,-0.420398700996422,9.83633485278698,-0.889736267202391,0.386962708237916,0.419763195309585,-6.34238749834735,-1.33829735349636
"AT4G05370.1",4387.71092998347,4390.63476208539,6146.74819677959,5759.78729291311,8786.23907154276,10872.6927130662,0620,-0.73861086517951,12.6312941833465,-2.33615029021062,0.0330116276866633,0.0536571633299303,-4.29428024341744,-1.66856844247423
"AT4G05470.1",1676.0383369251,1149.38082777104,1585.06374453339,2961.26349640844,4432.89127053506,3956.53148573109,0621,-1.36213207842167,11.1846763108705,-4.54496320485776,0.000341955262353842,0.00327200823398008,0.127770164018812,-2.57064800644013
"AT4G07507.1",9878.29444468528,8004.17594988264,11546.962034893,13359.6314381124,20830.4460824769,18867.7949801798,0622,-0.841210090483358,13.6646918262703,-2.79714645166226,0.0130399995755149,0.0329585989271138,-3.42469123876681,-1.79155221351644
"AT4G08170.1",17550.023740317,12619.6408153515,18369.3978452529,17703.6831821694,28138.5023453029,23411.0317317811,0623,-0.506418253409706,14.2158292465266,-1.67063899147366,0.114491772900625,0.141332335045827,-5.4009876550716,-1.42051912321638
"AT4G08590.1",8363.79209228769,6892.3602516046,10379.5768621346,11866.0204500385,17141.6176831457,15536.5023688825,0624,-0.800244088075623,13.4410235984079,-2.68711426029939,0.016331546486729,0.0367732594612094,-3.6377042278422,-1.74139572660443
"AT4G09020.1",158692.295216139,118868.404534507,156107.101847371,165274.645290612,269191.672436731,223579.455003293,0625,-0.585381114020819,17.4217190384103,-1.94879394645371,0.0693161401758443,0.0944455764390547,-4.96523189894785,-1.50043530409361
"AT4G09260.1",208.274822690301,233.800880575866,367.980108804283,115.814755759737,235.316097351768,197.640121341892,0626,0.575094047159339,7.74976903915781,1.70015250826201,0.108710976243459,0.135162741632511,-5.35687295740246,1.48977457616206
"AT4G09580.1",25110.2358080516,19448.6449530351,26888.9832953566,27698.696284848,43163.9323078978,36265.0977367906,0627,-0.574401897863318,14.8132952313852,-1.92704847679721,0.0721640717713657,0.0975372681294795,-5.00082835264548,-1.48906001134943
"AT4G09900.1",15231.1213837494,10397.1307659445,15576.7671919422,13294.7352387642,19448.378299439,15760.2459024771,0628,-0.241379878140876,13.8427121674882,-0.802832741715572,0.433990147646565,0.466274218140995,-6.41613338476077,-1.18212277243378
"AT4G09965.1",1183.23058717364,729.436320453721,1375.69575159302,1200.08048640693,1519.61169909557,995.658724495949,0629,-0.204055307546176,10.1518086691377,-0.638629836040779,0.532218454675825,0.563427076101842,-6.53621931859498,-1.15193180227113
"AT4G09970.1",9802.85631993131,6496.52470799175,9399.35398609561,9379.99681347177,14256.5097571638,10372.9988213716,0630,-0.40411230330313,13.2431586498871,-1.32986114253433,0.20245605480134,0.233656474205656,-5.86882852222298,-1.32327444317827
"AT4G10160.1",10491.6391981197,9478.74745087671,12918.428130063,7891.3778407324,11911.6345617219,10242.4817601081,0631,0.138703244044205,13.3389742055484,0.470392478602816,0.644506467631813,0.676631400597884,-6.63214093698135,1.10091512146025
"AT4G10260.1",82.817941305986,100.36056983952,126.889692691132,392.372405289452,449.089171706542,523.311264685137,0632,-2.13893420971203,7.75323247030883,-7.27478036161649,2.01084651056393e-06,0.000156381986321548,5.22620608246948,-4.40436553838184
"AT4G10430.1",30239.2083117045,22910.2436021368,29081.002736596,34546.7429206759,51600.5115446432,42528.6736578082,0633,-0.637274699975007,15.0505665531284,-2.1732357529351,0.0453369684751774,0.0667786954205359,-4.58442456463127,-1.555388201171
"AT4G10640.1",10428.5007676191,9353.15657018368,12396.0655618178,18212.8687462855,28418.5616442638,23044.3409406122,0634,-1.10068285130857,13.9295032226911,-3.72744578540212,0.00186988101245543,0.00989764242718554,-1.5474217886345,-2.14456174125911
"AT4G11130.1",11038.565602586,8292.36216718719,13180.6668282913,13626.2050569731,21668.9668237445,19156.1755345906,0635,-0.742942098201526,13.7495985007956,-2.41425550459235,0.0282876661162976,0.04888688964714,-4.15160142868454,-1.67358531556198
"AT4G11250.1",34.4391439094199,21.3055958318535,8.45931284607547,68.8898116157054,72.9148470667449,211.313337283784,0636,-2.39883756950663,5.48886578980158,-5.08264711278997,0.000115371124537231,0.00142244154764805,1.20625450234153,-5.27378065886798
"AT4G11320.1",1737.53680819192,2161.95730335861,10955.8675497735,1015.37591903148,1486.4685867925,1530.15716586081,0637,1.38457554124734,11.0617106140695,2.7054160203584,0.0157333804273395,0.0361788131033436,-3.60247930539546,2.61095128695134
"AT4G11400.1",26992.9090084332,22468.9934989876,36720.8196507079,12431.1165859007,20908.3323963891,18210.2375953379,0638,0.744741086797456,14.4077655582165,2.37271570908264,0.0307145300815749,0.0508306816950735,-4.22775552151191,1.6756735176748
"AT4G11510.1",20957.0390484989,11122.081697802,18336.6180079743,33179.9291220976,43150.6750629766,37261.9994809177,0639,-1.21388270712201,14.5932759114403,-3.88570606621118,0.00134197191526202,0.00812415333131677,-1.22195164962074,-2.31961071414569
"AT4G11940.1",1489.08298427397,1458.31196733292,2337.94258783411,2041.7342717988,2893.39370405765,2595.4249896973,0640,-0.531250602273458,11.0135887387299,-1.74185792031171,0.100974783867265,0.127561138307799,-5.29363647790592,-1.44518141028835
"AT4G12030.1",761.761064091693,944.174299495823,1489.89647501504,277.55605259661,314.859566879126,287.137534779731,0641,1.80197041300559,9.09951091021689,5.80746603979508,2.81581463770344e-05,0.000593080958066287,2.60875995017632,3.48696144631533
"AT4G12080.1",12395.6318685405,10322.561180533,14685.367100787,18725.0495196022,27253.581246811,20987.143451173,0642,-0.836917799883469,14.0096267756459,-2.83882409668249,0.0119691635848344,0.0317606939219621,-3.34327242352111,-1.78622992817821
"AT4G12140.1",4421.330094276,5562.44253283733,6598.26401993887,6079.27627431928,8816.06787261552,7845.93991138381,0643,-0.457825425503199,12.6423935706248,-1.53995536673573,0.143370141365488,0.171942126833343,-5.58971884551685,-1.37347002550673
"AT4G12190.1",7.37981655201855,5.04606217070214,68.7319168743632,0,0,0,0644,3.9288872369774,1.9644436184887,6.33428124829429,1.05528063728641e-05,0.000344157652998891,3.5841370923589,15.2304560561072
"AT4G12590.1",59415.7230399183,44887.5263762682,62851.637032235,64922.1578278675,106266.76097732,91579.4713198989,0645,-0.638072064301856,16.0698114285189,-2.1049529662972,0.0516728555750761,0.0739961147116175,-4.70274817527396,-1.55624808757849
"AT4G12710.1",9821.7158511198,7661.0437222749,11189.5560671463,13239.8230700851,19196.4906459357,15741.6006080109,0646,-0.749435892091581,13.5798559126057,-2.5331716866876,0.0223036809611264,0.0418624695386982,-3.93039647327765,-1.68113536156539
"AT4G12790.1",22476.4612785978,16894.7768210853,26820.2513784823,24578.6867008034,40209.2238460795,33723.1225912298,0647,-0.570097157033738,14.6889337353851,-1.84541294289542,0.0838143937442221,0.108636348814626,-5.13224093393876,-1.48462354793488
"AT4G12870.1",2991402.8995034,2731204.13750909,3167198.45199383,3712246.30887725,6235850.065332,5381334.03672037,0648,-0.755758437065641,21.8739704933478,-2.54072722030056,0.0219672963971748,0.0415897690216174,-3.91619042972785,-1.68851902780182
"AT4G12900.1",73664.5088426323,57840.7679684606,72634.8323387213,88113.0642656879,145993.75253939,127526.356031133,0649,-0.802056468899661,16.446668069088,-2.67068442264966,0.0168871257860936,0.0370921792168912,-3.66925285375487,-1.74358472383907
"AT4G13110.1",11218.961118302,8259.28242629036,12347.4245129529,10650.9639176282,18817.0020100656,17398.5457762419,0650,-0.535874957709972,13.6205357506683,-1.69955531813709,0.108825392372764,0.135162741632511,-5.35777086405979,-1.44982116750231
"AT4G13345.1",3622.66994742422,3551.86709459979,4782.68400034992,3168.93133432245,6288.90555950675,5466.80033749461,0651,-0.27463104590114,12.0846189309788,-0.856372968203139,0.404600879716044,0.437488223949648,-6.371515353725,-1.20968468550898
"AT4G13420.1",25056.9371329537,18308.2349024564,22576.8485720697,37896.3852101062,59248.2847085757,52829.5773405772,0652,-1.17250734920293,14.9982151128975,-3.93242935082377,0.00121697585999308,0.00750221094178661,-1.12584457159895,-2.25403098745721
"AT4G13460.1",46880.6946365063,35493.4406351443,49494.3820482818,56125.228405462,89695.2048257871,70983.8790525164,0653,-0.705774024660972,15.7619033002934,-2.35002777946578,0.0321214536316216,0.0524370860247989,-4.26908981078804,-1.63101949328589
"AT4G13495.1",12503.8691779701,8468.97434316176,15070.2658352835,13989.6237733227,26265.9165001797,21766.5167598609,0654,-0.775054636235215,13.9001463853528,-2.3527546704111,0.0319492071865223,0.0522715646112424,-4.26413165540075,-1.7112548569893
"AT4G13955.1",14299.6245389613,11291.9657908823,16295.8087838586,30925.5349970504,55889.2302766599,42977.4037446285,0655,-1.60632038762076,14.5562365934613,-5.17169919696652,9.66723971855202e-05,0.00125302299428924,1.38202686931107,-3.04474285023574
"AT4G14690.1",56214.522615576,47792.376165869,57921.9724711845,101539.588709282,117485.704491908,99164.3771087557,0656,-0.975443948755212,16.2027393128522,-3.48579144794921,0.00310575498670351,0.0137715714541984,-2.04308409335713,-1.96624616086835
"AT4G15040.1",8723.76314410282,8119.11403265975,10101.4769523199,16684.3136508703,25934.485377149,22949.8714486501,0657,-1.26486209535177,13.7592997019867,-4.30718396424025,0.000557919758948123,0.00440669434606682,-0.356751411197733,-2.40304238553525
"AT4G15050.1",137314.606624175,97586.3569927832,143073.41557978,349213.437513746,634021.109735189,524674.857220432,0658,-1.97368176298633,17.909490513896,-6.27203967398083,1.18268671978136e-05,0.000362332204151197,3.47094403913666,-3.92769189522478
"AT4G15056.1",7904.60350682876,6681.54698758416,9609.77939314173,15211.6691272013,25995.8001349097,22887.720467096,0659,-1.38536711656648,13.6544435461653,-4.50582782314581,0.000370521842575144,0.00343667507195845,0.0482845025707226,-2.6123842520879
"AT4G15080.1",34362.0658254322,26084.2167075084,38778.5475005157,42141.5950505407,69161.3895984227,59278.3631866258,0660,-0.771136558124148,15.3797430405398,-2.52188641520379,0.0228152705242636,0.0424792605893748,-3.95158276755702,-1.7066137278946
"AT4G15200.1",12962.2377838121,11296.4511794785,12355.883825799,18183.9150573455,29258.7395411465,26917.5901110609,0661,-0.99484119068687,14.0703791053444,-3.37014616541667,0.00395890168403188,0.0162042494030617,-2.27911170600832,-1.99286114295877
"AT4G15380.1",1614.53986565828,1591.19160449474,2492.32504727499,2211.46279317083,3682.19977687062,3230.60802117974,0662,-0.679254591556886,11.1991120093761,-2.16236258132517,0.0462954173413455,0.0676368019250004,-4.60340248670002,-1.6013121790117
"AT4G15400.1",50651.7808945878,39578.508299115,52146.3766255265,80922.5653779153,132597.306546491,100489.436035488,0663,-1.12218226120624,16.0848001246582,-3.74583684502438,0.00179910393951122,0.00978404565479847,-1.50961652963993,-2.17675986440664
"AT4G15900.1",28501.6715035125,22001.3917378359,30906.0994831367,34533.7636808063,49477.6952016319,44664.1813840055,0664,-0.659103884551081,15.0428295798533,-2.24082118202881,0.0397794750668008,0.0608427372050463,-4.46534643054196,-1.57910147611531
"AT4G15960.1",29562.7251277694,22956.7795088221,29450.040259506,36503.6129317887,61389.3297633537,51140.313661938,0665,-0.839816550845624,15.1479972446452,-2.78613295270451,0.013338133969417,0.0335444115499517,-3.44614183525241,-1.78982253844827
"AT4G16080.1",32.799184675638,22.4269429808984,30.6650090670236,62.8993932143397,114.343737445577,83.2823152824327,0666,-1.54361776778602,5.64308586037551,-4.95595792980649,0.000148609345388207,0.00165103349656569,0.954689008389186,-2.91524628068214
"AT4G16180.1",25845.7575244028,20688.2942263043,27936.8806741642,33586.2791703236,52629.6051816534,40987.3293152677,0667,-0.759313260107614,14.9677324500739,-2.55792471244515,0.0212195763156523,0.0412204210095007,-3.88379122185541,-1.69268469500157
"AT4G16380.1",108798.995467176,79973.3573227347,114875.353621493,162528.038453586,227665.009876605,197323.151335967,0668,-0.956271401847822,17.0875660942725,-3.24808569521487,0.00511272807305544,0.0188648470140841,-2.52696155029467,-1.94028879624699
"AT4G16745.1",22331.3248864081,16709.7545414929,24411.4620455623,31177.1325699077,53572.5267266756,45625.0355588312,0669,-1.02146132235632,14.8609524165665,-3.3064877133221,0.00452413539716003,0.017524524469459,-2.40855906289105,-2.02997410262009
"AT4G16760.1",128308.770491862,93440.1759091896,142690.631673495,149296.202608036,228481.987594875,193323.114163148,0670,-0.648877796361095,17.1923000713454,-2.1445400543227,0.0479069563173813,0.0694891432379807,-4.63439922979566,-1.56794808931447
"AT4G17430.1",25305.3909568716,19154.8519999853,25331.412317573,30990.4311963985,51562.3969654947,45029.6291555434,0671,-0.850283963883038,14.9189448396582,-2.80752664829859,0.0127649237569808,0.0325071484088352,-3.40444902645152,-1.80285574417066
"AT4G17486.1",30675.4374678904,24100.553600848,34691.6419817555,41431.7304699789,70487.1140905453,63839.0022130623,0672,-0.953908266714473,15.3249621152209,-3.094683153367,0.00704373659439044,0.022638960901154,-2.83601606761245,-1.9371132038369
"AT4G17660.1",11737.1882361771,9801.69542980165,12154.9751457047,12561.9073876638,21768.3961606537,17024.3968672865,0673,-0.578344805405969,13.7382600433187,-1.92123579201007,0.0729429324061143,0.0981961446905213,-5.01030209007284,-1.49313520130479
"AT4G18150.1",1224.22956801819,997.998962649979,1818.75226190623,3196.88662019549,5379.12712678759,4145.47046965542,0674,-1.66709787956056,11.1844496348442,-5.19006630063701,9.32212641577164e-05,0.00124008813241383,1.41816770977857,-3.17575117507037
"AT4G18320.1",56462.9764394939,48393.9789113316,63442.7315173545,82648.8042805755,141771.320031979,115170.740898187,0675,-0.986854839421644,16.2603617102484,-3.26768691852487,0.00490718351406321,0.0182459503414993,-2.48726337746389,-1.98185970643813
"AT4G18400.1",9152.61248373679,6626.60097728096,9749.35805510198,10076.882154164,16117.4955129809,13601.1208032892,0676,-0.633747438061306,13.3520857243134,-2.08464072755225,0.0537088674639645,0.0763708368580424,-4.73754450755879,-1.55159005938931
"AT4G18650.1",47.5588177796751,14.0168393630615,5.28707052879717,65.8946024150225,117.658048675884,100.684590117568,0677,-2.48662755814498,5.29749998969072,-4.7386358148356,0.000230393948589893,0.00247796044706789,0.519340549424355,-5.60466272650813
"AT4G18800.1",22478.9212174485,16706.9511736203,21980.4670164213,26532.5615027155,44799.5449000541,34503.7389195487,0678,-0.770889882455384,14.6883104825505,-2.54432475390042,0.0218088327781865,0.0415104442474598,-3.90942020657975,-1.70632195168227
"AT4G18870.1",6653.31461145317,5675.69859489086,8201.30380427017,6967.85500385519,14054.3367721151,13318.9553470338,0679,-0.69137123135234,13.0699270341735,-2.1064244027699,0.051528149161308,0.073893558584514,-4.70022021338097,-1.61481761713696
"AT4G19035.1",6347.46221435285,4652.46932138737,5565.1704386119,6342.85468397937,8174.74864955119,6775.70000902299,0680,-0.365298174427105,12.6022330225916,-1.27364388364619,0.221219607169209,0.253574855836814,-5.93805009158731,-1.28814783480104
"AT4G19120.1",94046.7421796906,57614.816517928,90932.3260247825,73481.4673203522,95594.6788157328,80516.5966032772,0681,-0.066327414000412,16.3024318672112,-0.219575575699777,0.829015097374595,0.844042561375343,-6.72212844034398,-1.04704787843614
"AT4G19645.1",1515.32233201448,2175.97414272167,2924.80741653059,1540.53593221788,2624.93449440282,2358.00824016082,0682,0.00545188193889423,11.0536368602598,0.0165940401832437,0.986968347978821,0.987945544362959,-6.74723215379585,1.00378610585391
"AT4G19905.1",213102.042694938,140828.306427828,205220.814817579,370143.959408118,598282.891738793,481968.43175538,0683,-1.37172645817743,18.1697313289874,-4.46623645611996,0.00040190707909658,0.00353328745188385,-0.0322391412321235,-2.58780060317859
"AT4G20050.1",46845.43551298,35523.7170081686,46758.8517566822,75235.6615088854,123981.754503309,99174.3212658043,0684,-1.19048392111401,15.9769652708394,-3.95941968902891,0.00115019686879529,0.00740668174746522,-1.07033426005206,-2.28229284955259
"AT4G20320.1",49612.0467403701,41057.5651887052,63652.0995102949,78611.262278055,120862.98763559,109294.987102067,0685,-1.00053396714708,16.1275238746962,-3.29255526252352,0.00465814335618825,0.0179063989851951,-2.43683794044984,-2.00074037264913
"AT4G20800.1",33126.3565427775,24382.0117352582,36885.7762512063,108074.136782105,184464.620145174,151836.090956186,0686,-2.22223067745522,16.0311620949677,-7.17507922178184,2.38360666753594e-06,0.000171669792515018,5.05822379780619,-4.66614350518915
"AT4G20830.1",46163.2124717267,35083.5882521684,59096.7595426832,71523.5989061725,98310.7568689691,96173.6718763746,0687,-0.940248238631938,15.9514084135772,-3.0923576006091,0.00707795023515096,0.022638960901154,-2.84067660168888,-1.91885838035587
"AT4G20970.1",629.74434577225,352.103004800105,590.037071013764,762.779943107231,734.119937512909,498.450872063515,0688,-0.363695457623104,9.17250161471248,-1.13652060835171,0.272693838595812,0.304970653562352,-6.09655155263021,-1.28671760195136
"AT4G21430.1",14286.504865091,10883.2347550555,16776.9322019792,16049.3293003256,29303.4827427557,24636.6490880271,0689,-0.717009993616609,14.1074036729996,-2.26475205830965,0.0379683466008074,0.0585152414838663,-4.42273557096949,-1.6437717610348
"AT4G21630.1",136508.566660772,101208.308284198,142985.650209002,202354.336791999,311177.367102255,252441.127817364,0690,-1.0027869523274,17.4384421168904,-3.356304837074,0.0040755098799245,0.016350557494459,-2.307289421598,-2.00386727042847
"AT4G21760.1",25107.7758692009,14359.9715906692,16906.9941369876,19644.5787442119,28897.4796170431,22294.8001030703,0691,-0.351306555095306,14.3327158469579,-1.13234508838141,0.274392533019125,0.306192992143858,-6.10114084686581,-1.27571543684723
"AT4G22050.1",54686.9005893081,44493.9335269534,56590.6881120334,73659.1830662594,134688.636932814,94058.0524642746,0692,-0.920188602040668,16.1162909885423,-2.9994760132353,0.00858624328265714,0.0254565746591389,-3.02612652513741,-1.89236266390869
"AT4G22115.1",89204.7625419496,68122.9606516279,102564.938602242,170837.747179347,235748.614967323,209713.571018583,0693,-1.25344100216578,17.0090258872567,-4.24419731609065,0.000635656975631664,0.00494345540279702,-0.485654840842447,-2.38409380615757
"AT4G22400.1",65613.9489639969,54099.3932056722,68148.224287984,92416.1814840022,169159.130883618,130574.240166544,0694,-1.0256424550598,16.4399872253481,-3.34871193595562,0.00414091987593805,0.0165473122315153,-2.3227395204801,-2.0358657858047
"AT4G22430.1",1792.47544252362,2531.44118896891,2866.64964071383,2121.60651715035,3715.34288917368,2774.41981657298,0695,-0.249757018999672,11.3250479702056,-0.793260582101063,0.439384153112342,0.471068270197855,-6.42383160897461,-1.18900684370874
"AT4G23020.1",46514.9837273729,35303.9329669557,46294.6469642538,69409.9796135573,103123.136775374,94375.0224702003,0696,-1.05047384501386,15.8957735895933,-3.56324997667238,0.00263952338386105,0.012185196991249,-1.88449418136179,-2.07121001317459
"AT4G23110.1",3695.64813332751,3979.66103196042,4013.94394546281,4639.57905185772,7046.2256756318,5536.40943683515,0697,-0.538655283858327,12.196647125998,-1.8692695049945,0.0802476831184037,0.105227506657206,-5.0942077105911,-1.4526179209968
"AT4G23900.1",23458.7968596332,14794.4936109242,23192.2635816217,26726.251697693,41039.4588092713,38348.3986384825,0698,-0.795169373735018,14.6883151295337,-2.56061364453773,0.0211048833604721,0.0412204210095007,-3.8787174235504,-1.73528108595384
"AT4G24130.1",401981.887506918,308294.214381218,409874.855674472,553779.237098916,871047.391681795,675041.69897268,0699,-0.893470536800955,18.945253606248,-3.00411422955787,0.00850396151895731,0.0252867796931348,-3.01689918862636,-1.85763947727177
"AT4G24640.1",1790.01550367294,1464.47937665267,1288.98779492075,4293.13318764541,5457.01344069979,5330.06817807569,0700,-1.73521987052444,11.4198968556364,-6.02933897376902,1.85392741051255e-05,0.000493242266323209,3.02429639957322,-3.32930229462336
"AT4G24740.1",41524.5877789746,31593.9559243406,40250.4679357328,47046.7493181923,76265.6157205848,65510.8636168664,0701,-0.718065780125425,15.5543240163998,-2.39885468727404,0.029165530329473,0.0499768663781308,-4.17990590554677,-1.64497513886395
"AT4G25100.1",732137.660472273,443321.231333462,643324.397459405,262394.303622754,484812.475302402,197022.340585245,0702,1.01949433883813,18.6685670597732,2.89442595183837,0.0106726712292486,0.0295039809066851,-3.23407637600352,2.02720830338308
"AT4G25280.1",9966.03226369261,7083.54994051676,10197.701635944,9887.18557145407,17494.5918291733,15174.7836562379,0703,-0.622056898290284,13.4408639999818,-1.98944585851296,0.0642622622303543,0.088273297710446,-4.89804185381182,-1.53906791809346
"AT4G25440.1",10749.9327774404,8127.52413627758,11727.7798469779,13539.3439901533,20735.9882124132,18287.3048124649,0704,-0.774937336906481,13.6870410848175,-2.58561246154229,0.0200665493730625,0.0409844069013457,-3.83144492670199,-1.71111572787307
"AT4G25530.1",30818.9339008464,25708.0047390038,35246.7843872792,39409.964259518,62428.3663340548,54065.1388538718,0705,-0.750625698775176,15.2642485968407,-2.51489912838707,0.0231375998989577,0.0426863384997194,-3.96468061192209,-1.68252238450764
"AT4G26140.1",6985.406356294,5061.20035721425,8812.48915739912,10271.5707522084,14687.3702171036,16034.953240946,0706,-0.985512516471664,13.2198833580083,-3.14244133185157,0.0063760210751309,0.0211608357244733,-2.74013329334983,-1.98001658750449
"AT4G26410.1",30908.3116790875,23204.0365551865,30987.5203692802,36762.1993261143,51491.1392740431,46738.7811482799,0707,-0.664350714158669,15.111292192798,-2.27746578923405,0.037037694339852,0.0575881992406779,-4.40000545894537,-1.58485484773896
"AT4G26420.1",171055.947879621,151917.869058308,182407.10548582,204524.865059427,338752.436538406,263537.564064025,0708,-0.648528453891277,17.6822205723596,-2.19060760226988,0.0438436462849631,0.0653774725576662,-4.55399925083305,-1.56756846331582
"AT4G26460.1",1036.45423575016,639.728548530127,929.466998962542,2021.76621046092,1972.01518203242,2535.76004740541,0709,-1.34428631290492,10.4068806957383,-4.49238216611528,0.000380889732613909,0.00346918486191588,0.0209501487906731,-2.53904561337417
"AT4G26470.1",3452.93416672779,3695.96020325206,5107.31013081807,6260.98563249404,9470.64434060107,7294.0391951838,0710,-0.909908207796985,12.4298804597062,-3.02755021417606,0.00809987257261394,0.0245178777572236,-2.97021974425834,-1.87892594700934
"AT4G26640.1",58508.8255836369,43689.3669475137,65151.5127122618,65328.5078760935,108041.574641149,91905.1424632421,0711,-0.653869705814259,16.0745855524674,-2.13208652718744,0.0490635215503366,0.0707837241183931,-4.65597585658644,-1.57338278729594
"AT4G27240.1",29746.400561953,23700.7933422134,34188.312867414,48625.2245669522,76544.0178639306,64050.3155503461,0712,-1.10198866950596,15.3691417994144,-3.67043826224356,0.00210754468529596,0.0108158765321534,-1.66455596504052,-2.14650371472448
"AT4G27740.1",2520.61734232278,1573.81072368455,3431.30877318936,3945.6889203662,6918.624693265,6589.24706436083,0713,-1.24098733487135,11.8425136682167,-3.59733649402528,0.0024571821858791,0.0120010202411776,-1.81460461371507,-2.36360234418961
"AT4G27890.1",5251.96944618654,5842.21864652403,7485.43445467103,5953.4774878906,11185.8004022847,11640.8788450744,0714,-0.584925745186329,12.8729722375554,-1.79985195829088,0.0910186884105545,0.116776515206942,-5.20400204424665,-1.4999617849938
"AT4G28340.1",7099.38352304185,5360.60004600924,8353.57143549953,6417.73491399644,8645.38084425473,7248.0474688338,0715,-0.11301680635383,12.793334814949,-0.381548474444392,0.707881846193772,0.734772635012222,-6.67137712475434,-1.08148736195584
"AT4G28700.1",3680.06852060658,2441.17274347079,3986.45117871307,5441.29671457383,6121.53284237626,5739.02163670137,0716,-0.805214562254223,12.0896438026593,-2.71876511806148,0.0153104552443901,0.0355019959910055,-3.57673325729081,-1.74740565230727
"AT4G29033.1",11299.3191207573,8018.1927892457,11752.1003714103,21218.0619776373,32617.7939730623,27659.6728308163,0717,-1.38932225060738,14.0126847783963,-4.60585380964078,0.000301910640490143,0.00302209561916371,0.251211013825223,-2.6195559034287
"AT4G29280.1",32231.7587807495,19518.1684762759,32255.3598820858,64265.2086098511,103805.884888817,80955.3825330489,0718,-1.5780108359837,15.5243854335327,-4.99477875692216,0.000137489454045397,0.00162734268245531,1.03195765244871,-2.98557919099063
"AT4G29283.1",17216.2920362424,12375.1871368597,18778.6171041818,33063.115963271,49209.235991977,36871.6913167582,0719,-1.30206155646222,14.6056074298212,-4.31930825437974,0.000544104042981408,0.00436578720201748,-0.331962146948594,-2.46580985908941
"AT4G29530.1",4172.05629074115,3482.343571359,3920.89150415598,5329.47557108167,7735.60241153557,7352.46111784461,0720,-0.803753686483976,12.312036722327,-2.77986102700691,0.0135108522335182,0.0338105732873437,-3.45834505663598,-1.7456371215464
"AT4G29550.1",1207.00999606348,1062.47642372006,1290.04520902651,1680.31236158307,2992.82304096685,2389.08373093784,0721,-0.952892641693808,10.6855505935553,-3.14993160010281,0.00627711271708866,0.0210137780032339,-2.72506633520475,-1.93574999938382
"AT4G29570.1",111033.439923204,88013.9770549613,112892.702173194,174815.384997854,288830.623631913,225260.017544514,0722,-1.12195786843274,17.2178838033911,-3.75180758243553,0.00177670984548138,0.00976224811837868,-1.49734143318557,-2.17642132356098
"AT4G29580.1",19700.0102958051,17499.1829344205,25832.626603703,35938.5167959265,55378.8263471927,47060.7232327299,0723,-1.13153196137944,14.9051082954716,-3.76482392047136,0.00172885689833105,0.00955122581536991,-1.47057922551367,-2.19091264247504
"AT4G29640.1",50626.3615264642,41536.3804213474,53057.8675846911,77840.4951104126,125068.848586849,97930.0586150922,0724,-1.03168220252532,16.0708606204805,-3.48183765457312,0.00313164503463327,0.0138195989689305,-2.0511695360701,-2.0444066688484
"AT4G29650.1",45057.8799481577,34254.3520354497,44042.3549189862,73213.8952984245,98981.9048931062,80059.1653790394,0725,-1.03111197869085,15.8322901126721,-3.57412935615017,0.0025799007515641,0.0121805195462856,-1.86219354446068,-2.04359877873815
"AT4G29860.1",6645.11481528426,5183.98787003467,7598.57776398729,8529.35740047784,13472.6751511963,11949.1477135825,0726,-0.796954385396708,13.0418518422026,-2.63565502625155,0.0181329325732803,0.0388950168211465,-3.73627810588445,-1.73742943602538
"AT4G31060.1",4672.24385704463,3898.36336365467,5674.08409150512,7233.43021964907,11426.087966482,9100.14671914462,0727,-0.954336310653376,12.673720670066,-3.17552040492242,0.00595048702672745,0.0205322265666261,-2.67353693199919,-1.93768802565356
"AT4G31080.1",38871.1337387155,28415.4974303728,41841.8761649008,50626.0243130083,79200.4383150213,72001.9121303718,0728,-0.881014170904908,15.5717018198085,-2.90253939743573,0.0104952962642072,0.0293871776654154,-3.21808989695724,-1.8416694841617
"AT4G31180.1",90105.1001612958,71278.9922026149,95672.7134609021,112820.544962121,165180.300251635,135459.307316692,0729,-0.679500958217112,16.7152110434503,-2.32266477960743,0.0338987832460352,0.0543994759710184,-4.31869087922615,-1.60158565580976
"AT4G31370.1",1348.86646978561,941.931605197733,1126.1460226338,1384.78505378237,1504.69729855919,1864.52944662163,0730,-0.480001410429759,10.3793570453261,-1.64894966184367,0.118907461403413,0.146247498149453,-5.43306478076056,-1.39474502990187
"AT4G31720.1",28085.1218581319,22326.0217374844,32701.5886347163,37957.2877971868,53681.8989972758,50302.5184305893,0731,-0.773827907523065,15.1273106962421,-2.61753325179157,0.0188115713685955,0.0395399011379604,-3.7708216041206,-1.70980038936975
"AT4G31770.1",12460.4102582749,9504.53843530474,13850.0099572371,14546.7326846497,23816.6405009831,19065.4351015217,0732,-0.669853722640685,13.860738833425,-2.20503274598953,0.0426383586078215,0.0640525702029529,-4.52863817130826,-1.59091165403255
"AT4G31900.1",10540.8379751332,9275.22294332506,14537.3291259807,10757.7930457859,18493.8566651107,15353.7784831136,0733,-0.367910255319847,13.640866605221,-1.17714998250768,0.256575660311046,0.289506688141147,-6.05115359656061,-1.29048221186738
"AT4G32110.1",207407.284255631,137825.89943626,194470.085604323,292793.680203551,472660.553176483,377352.170544702,0734,-1.07724186181361,17.9732236289917,-3.52256305609744,0.00287497061059656,0.0129182012769472,-1.96784011326791,-2.10999833691822
"AT4G32120.1",17777.1580941958,13936.6630419048,19313.6686416961,23627.2085780532,37455.0312136947,31166.231210096,0735,-0.842315606835447,14.4618006731056,-2.81627873374609,0.012537370097796,0.0323673079855008,-3.38736308957276,-1.79292558020463
"AT4G32500.1",48858.4854724473,46355.9304679425,55584.0298833504,59150.3896981517,92905.115252339,75210.1457981921,0736,-0.571670665939614,15.8989210798464,-1.95567025143486,0.0684368569428412,0.093499543742179,-4.9539252389021,-1.48624367049387
"AT4G32850.1",67595.8396980224,51903.2348142677,81290.824208468,83391.6161623448,132197.932043239,116291.944605422,0737,-0.722777206607844,16.3677404205973,-2.35967811021021,0.0315157720666613,0.0519184287157322,-4.25153098819177,-1.65035593516955
"AT4G33550.1",69117.721866972,51958.1808245709,59705.8300676007,94364.065867513,137696.374374317,99288.6790718638,0738,-0.862991524900057,16.3006585423905,-2.94422319256354,0.00962835503146865,0.0277329542359396,-3.13575623811578,-1.81880581901052
"AT4G33560.1",36292.2978435935,25127.1469157986,34096.3178402129,106156.204490601,131748.842871532,75305.8583097853,0739,-1.6939917593921,15.7875968249213,-5.4749910706418,5.33252131482692e-05,0.000898529841548335,1.97364231693234,-3.23550691232711
"AT4G33830.1",30360.5652950043,21204.6745884394,32514.4263379968,80445.3287119398,130061.858455306,113460.345885819,0740,-1.94182393390462,15.7212313097003,-6.30079658342566,1.12194147620162e-05,0.000354463385137449,3.52331062350865,-3.84191056152264
"AT4G33840.1",65947.6806680716,47717.245906883,74256.9055769562,136807.178644256,217253.101146597,185485.875389182,0741,-1.52006995003516,16.6705571660416,-4.96148512048916,0.000146971301400111,0.00165097761906125,0.965699922413209,-2.86804955196365
"AT4G33940.1",19832.8469937414,16424.3716920609,22703.7382647608,26835.0776319845,39370.7031048119,35166.268382915,0742,-0.776227421960208,14.6381207421973,-2.64061420848649,0.0179513480740958,0.0388625543959547,-3.72680926824017,-1.71264652408753
"AT4G34330.1",3863.74395479016,3288.35051457423,3666.05470466796,4967.05525779905,7284.85608421387,5990.11160217975,0743,-0.739268683765063,12.1830177516346,-2.57260866262928,0.0206004202101635,0.0412204210095007,-3.85605778048723,-1.66932942492498
"AT4G34760.1",8197.33623005883,5450.86849150736,9360.22966418251,20349.4513094392,31716.3013184189,24389.288181442,0744,-1.74454731012203,13.7409845969781,-5.58280288020881,4.32825407312713e-05,0.000741672011513819,2.18118321937896,-3.35089692686717
"AT4G35050.1",17989.5328149706,15408.4311750262,21172.6026396211,25199.6934084117,35832.6758664596,31233.3542701744,0745,-0.754864965519129,14.516250956711,-2.59045465154457,0.0198711532224722,0.0407499714156579,-3.82226740200823,-1.68747363941151
"AT4G35140.1",10896.7091288638,8274.42061280247,12593.8019995949,13737.0277973984,21897.6542986356,20174.208612446,0746,-0.805947613003278,13.7519388120013,-2.63100567783589,0.0183047715046035,0.0389602610340087,-3.74514926123491,-1.74829375580171
"AT4G35740.1",6095.72847196732,5048.30486500023,6826.66546678291,7705.67487029006,12198.3224831434,10377.970899896,0747,-0.738305564805541,12.9067745516852,-2.48082352535533,0.0247725580860129,0.0446435939838841,-4.02833669612751,-1.66821538056012
"AT4G35840.1",57254.2567697937,43442.6705747238,58403.095889305,72380.2287375678,100649.00344195,93493.7215517638,0748,-0.743050707890953,16.0534456363627,-2.54839050871207,0.0216310568046789,0.0413402616815318,-3.90176413929797,-1.67371131199112
"AT4G36120.1",40510.2729928805,36301.3712560312,46578.0339445973,45642.9946061389,73836.2255887701,61932.210098984,0749,-0.535806233921704,15.5883048050158,-1.80518767798457,0.0901476182144221,0.115805898366939,-5.19565820211118,-1.44975210590093
"AT4G36220.1",27187.2441776363,23227.5848453165,33018.8128664441,28886.7959344522,40104.8230423248,31376.3015277487,0750,-0.267258982006696,14.8820806013666,-0.913904701146722,0.374511646064842,0.407130402335006,-6.32065980842832,-1.20351905350101
"AT4G36590.1",27380.7593672226,25328.4287290521,33233.4679299132,27623.816054831,56880.2093345216,45618.8204606758,0751,-0.545622606992843,15.0694269976939,-1.70456848724565,0.107868149888074,0.134672289286674,-5.35022659485086,-1.45965013243826
"AT4G36830.1",6422.90033910681,4274.01465858471,6111.85353128953,8426.52188458773,9924.70497915307,7220.70103695002,0752,-0.615797287523327,12.737424554167,-2.07506310918723,0.0546941379661174,0.0775536795003431,-4.7538860460586,-1.53240462754682
"AT4G37520.1",99292.9717685589,89872.6099545032,121488.421438913,161593.533182973,278753.460336166,246382.650135475,0753,-1.11856720366641,17.2077834740907,-3.65896384376556,0.00215892992812996,0.0109133907866969,-1.68812119474666,-2.17131223958877
"AT4G37690.1",25478.4066560356,19477.7999789103,28777.524888243,72482.065850391,119119.659928449,100453.388466187,0754,-1.97474509467727,15.553827969423,-6.47008255645037,8.24449863916597e-06,0.000320584158622954,3.8291723620752,-3.93058784941939
"AT4G37770.1",7144.48240197085,5771.01310255968,7159.75091009713,10565.1012538753,15882.1794156292,15337.6192279095,0755,-1.04122630167159,13.2218030591847,-3.53795428851304,0.00278353254008519,0.0126763576487663,-1.93632216298244,-2.05797620537005
"AT4G38040.1",59651.057189966,42694.1713527363,65265.7134356838,82269.4111151556,129211.737624733,108355.264260969,0756,-0.930922832591472,16.2121711963163,-3.05533946890463,0.00764506487133422,0.0235845339546324,-2.91475265942052,-1.90649511252989
"AT4G38310.1",3193.82060779025,1677.5353349712,3093.9936734521,4918.13350752123,8582.4089308789,5177.17676345272,0757,-1.23984162179323,11.9366631931526,-3.66068163708864,0.00215115798727231,0.0109133907866969,-1.68459360467746,-2.36172603974206
"AT4G38700.1",83256.6304010226,65287.6343852679,85390.4186964973,177218.541179869,273198.674714172,237764.79503319,0758,-1.54410448908443,17.0125997771902,-5.22334477153829,8.72882471124517e-05,0.0011925461869012,1.48354974872467,-2.91622996177239
"AT4G38850.1",2955.20653927498,2326.23466069369,4084.79069054869,3563.30054574569,6875.53864727101,5557.54077056353,0759,-0.759009562958225,11.949615418135,-2.30183999605009,0.0353127392457526,0.0559021163652069,-4.35625243592984,-1.69232841082579
"AT4G38960.1",3079.84344104241,2581.34113710141,2663.62613240801,4096.44778346724,6265.7053808946,5308.93684434731,0760,-0.895063113077059,11.8819618730741,-3.07794243123755,0.00729370006002462,0.0229808554146927,-2.86954733046042,-1.85969123871121
"AT4G39140.1",26918.2908632961,19655.5335020339,28127.2152132009,29004.6074963458,43969.3099368623,38636.7791928934,0761,-0.575735457377041,14.8741358879634,-1.92309978341117,0.0726923524413813,0.0980126791220501,-5.00726599903457,-1.49043706480719
"AT4G39210.1",127823.342558663,109710.362368257,140905.716662973,148547.400307866,252707.945532801,206906.832691602,0762,-0.658260709375828,17.2663094745664,-2.1893556075951,0.0439497300694927,0.0654391415320429,-4.5561962852427,-1.5781788485884
"AT4G39390.1",46713.4187946605,33603.4100154291,46650.9955178947,51567.5184050896,75241.4935504201,61132.9484761988,0763,-0.565184906945969,15.6351239285243,-1.90992723989161,0.0744798376029459,0.0997339282338785,-5.0286826957119,-1.47957713113656
"AT4G39640.1",5014.17535728816,3778.37921870686,5043.8652844725,4224.2433760297,5891.18821186996,6586.76102509867,0764,-0.25945366816913,12.2885995104667,-0.869122001135479,0.397799342770713,0.430594363534465,-6.36050398496033,-1.19702531921361
"AT4G39650.1",81924.1635235748,63732.3258895426,93515.5886851528,259912.273598454,398386.838505312,351775.798615578,0765,-2.07369054599145,17.301749952656,-6.90880332468989,3.77862213081345e-06,0.000173644862466018,4.60251289581246,-4.20962157006206
"AT4G39690.1",31395.3795715207,23962.0672279409,35369.4444235473,37964.276618655,59592.9730765276,52267.7324673285,0766,-0.717279997533273,15.2243374233122,-2.37263170817131,0.0307196305793174,0.0508306816950735,-4.22790890161748,-1.6440794257422
"AT4G39753.1",3912.12275218672,3827.15781969031,4784.79882856144,3945.6889203662,7117.48336708339,5214.46735238515,0767,-0.343759605690458,12.1922408972892,-1.12779186036944,0.276253911809319,0.307591084624693,-6.10612895395054,-1.2690594067607
"AT4G39917.1",83815.8564997423,70019.1586806629,84703.0995277537,137515.046418684,204435.002463386,152406.636966852,0768,-1.03584206633977,16.7914475931958,-3.56552366158725,0.00262694996531104,0.012185196991249,-1.87983404672821,-2.05031001344759
"AT4G39955.1",18725.8745109386,13779.113767464,20616.4028199917,21569.499857184,27469.011476781,23219.6067085947,0769,-0.456920749048516,14.3200262681435,-1.56331147640257,0.137797144242316,0.166046380010705,-5.55680151939345,-1.37260902823745
"AT5G02270.1",55266.62617845,40130.2110964451,50994.8526643545,69773.3983299068,104357.717708663,80489.2501713935,0770,-0.791150590183376,15.9571340963275,-2.68014004757934,0.0165651993888709,0.0370518065976736,-3.6511047046063,-1.73045399854076
"AT5G02580.1",14196.307107233,15396.0963563868,15638.0972100763,13922.7307678407,26693.4626488892,18965.9935310352,0771,-0.348048164796211,14.0528807458009,-1.13491697733111,0.273345295699099,0.305361429780982,-6.09831578819193,-1.27283742861672
"AT5G02630.1",8326.8930095276,6007.05667743364,8865.35986268709,8091.05845411125,12841.2988618229,10667.5944739379,0772,-0.440481551833141,13.1170890191615,-1.45133014081814,0.166265807045914,0.196372349209601,-5.71126386570899,-1.35705721896079
"AT5G02880.1",41982.1364051998,32442.2550425931,50320.2224648799,51132.2146679237,82304.2907822034,74473.035156961,0773,-0.731029312667538,15.6861921999936,-2.37718216172789,0.030444473825518,0.0507073526154838,-4.21959644499594,-1.65982289510709
"AT5G02970.1",34016.8544067211,26157.6649457709,37287.5936113949,40864.6375279829,66098.9660216194,55791.6931214434,0774,-0.727766172430847,15.3357006146241,-2.40789149871559,0.0286473553235078,0.0492559119592965,-4.16330750495784,-1.65607288972254
"AT5G03020.1",1944.99165126533,1856.95087881839,2896.25723567509,3650.16161256549,6456.27827663723,6156.67623274461,0775,-1.26425402721825,11.7275465188359,-3.93887782343425,0.00120067327852679,0.00749826666669228,-1.11258152492115,-2.40202976293426
"AT5G03100.1",4579.58616033596,3548.50305315265,4809.11935299391,5553.11785806599,9293.32868977966,8594.23772929462,0776,-0.834741342351013,12.4795622801833,-2.7349386847244,0.014812720353201,0.0353683834175625,-3.5454805166131,-1.78353724366882
"AT5G03240.1",307912.185897955,247795.853669521,387278.973648498,316622.566201116,528092.40850336,507630.572039049,0777,-0.507428384268739,18.4917074733649,-1.6213579850112,0.124735666904683,0.152304057053907,-5.47344474436553,-1.42151407545429
"AT5G03280.1",33600.3047613405,27549.2567577356,39478.5556385285,42076.6988511926,61084.4131301655,53482.1626468947,0778,-0.637093243550453,15.3368219249209,-2.1608727431651,0.0464281908213687,0.0677329017610444,-4.60599887300891,-1.55519258295279
"AT5G03370.1",15436.1162879721,12559.6487428776,17546.729670972,18930.7205513825,28453.361912182,26754.7545393893,0779,-0.694235310471386,14.2236962490975,-2.33462436699507,0.0331109083975317,0.0537321482984021,-4.29704576782359,-1.61802658308805
"AT5G03800.1",5055.17433813271,4267.84724926497,5616.98372979411,6476.6406949432,10686.9965621236,8611.64000412975,0780,-0.76596610825281,12.6560824038475,-2.56167305065686,0.0210598584166415,0.0412204210095007,-3.87671782084694,-1.7005083713692
"AT5G03920.1",10197.2665156559,8641.66180411468,11143.0298464929,15942.5001721679,26764.7203403408,19824.9200961122,0781,-1.03553336747541,13.7968599254363,-3.4563358619102,0.00330388428376802,0.0141535042834299,-2.10329532383237,-2.04987134786365
"AT5G04560.1",35831.4692989007,28169.3617311574,42227.832313503,51081.2961115121,81261.939900272,72410.8655889975,0782,-0.939324380937499,15.5619325403006,-3.08846005285775,0.00713565778057008,0.0226860063401143,-2.84848569482678,-1.91762999560227
"AT5G04640.1",176.295617631554,157.549274440811,227.344032738278,125.798786428679,177.315650821402,238.659769167568,0783,0.0814450729960559,7.49723273336885,0.258951149328813,0.79901840768709,0.817619038635272,-6.71228239546483,1.05807733128595
"AT5G05030.1",2942.90684502162,6039.57574475594,9043.00543245468,643.969978146811,1249.49533382558,1461.79108615136,0784,2.36361753832204,11.2271021630597,5.81963693297351,2.75151923994188e-05,0.000591869351400264,2.63172984014104,5.14659243518915
"AT5G05120.1",6148.20716744834,4318.86854454651,5793.57188545594,18383.5956707244,26908.8928788592,22136.936609923,0785,-2.05094974722235,13.4132891247377,-6.92926550284738,3.64593403886449e-06,0.000173644862466018,4.63789822606289,-4.14378671298071
"AT5G05580.1",16534.0689949891,10411.7082788821,15937.3454020062,18583.2762841033,30546.3494541206,25521.6790653568,0786,-0.800177733414507,14.1732600082766,-2.5601707798053,0.0211237324057664,0.0412204210095007,-3.87955322117082,-1.74131563548135
"AT5G06020.1",2276.26341648928,2377.81662954975,2768.3101288782,2426.1194525531,4898.55199839313,3996.30811392569,0787,-0.554617286301974,11.5454502192614,-1.75598884914471,0.0984648049479056,0.12534047697082,-5.27197600163587,-1.4687789484367
"AT5G06030.1",2404.18023672427,1296.83797787045,2712.26718127295,2565.8958819183,6262.39106966429,4302.09094317163,0788,-1.01001855069837,11.4982223658517,-2.72179666153494,0.0152159485534421,0.0354454469758755,-3.5708802102264,-2.01393699588247
"AT5G06120.1",16684.9452444971,12388.6433026483,18620.0049883179,18193.8990880145,31043.4961386666,24562.0679101622,0789,-0.616554440806045,14.2442226024346,-1.9965578478635,0.063413142303733,0.087360648204111,-4.88620223457207,-1.53320907317046
"AT5G06330.1",17489.3452486671,13500.4590009263,20637.5511021069,28807.9220921676,49605.2961839987,38012.7833380906,0790,-1.15951525541302,14.6291419327407,-3.7430351408199,0.00180970973041277,0.00978404565479847,-1.51537625068701,-2.23382358677671
"AT5G06380.1",6668.07424455721,4988.31279252633,7332.10940933591,6322.88662264148,8375.26447898474,8647.68757343111,0791,-0.302949009283743,12.7608430202985,-1.02570784559352,0.320487172563301,0.353339728965646,-6.21342183955838,-1.233663566346
"AT5G06500.1",17506.5648206218,12686.9216442942,20063.3752426795,65954.5065990362,108517.178302698,85456.3566171935,0792,-2.36683073516086,15.1898178905709,-7.6557177600326,1.06284057331789e-06,0.000138488731428053,5.85484133143498,-5.15806779451648
"AT5G06670.1",10754.8526551417,7393.60242722768,11781.7079663716,16028.3628359208,23715.5540084588,22999.5922338933,0793,-1.07398165397668,13.7934823831705,-3.50290767438215,0.00299611633490513,0.0133559338361175,-2.00807023665703,-2.10523553803285
"AT5G06920.1",199.255046904501,101.481916988565,263.296112334099,507.188757982295,734.119937512909,673.716640045948,0794,-1.84608755985672,8.38002102763883,-5.25956553383426,8.12715369001473e-05,0.00117875358027892,1.5545646698917,-3.59523870157477
"AT5G07130.1",11041.0255414366,9056.5602492613,10078.2138419932,20727.8460717922,28455.0190677972,22154.3388847582,0795,-1.23214856195562,13.9076474477618,-4.31395100838463,0.000550165194764382,0.00437966151107709,-0.342914573215056,-2.34916583603087
"AT5G07430.1",7109.22327844454,5773.81647043229,5320.90778018147,10189.701700723,15172.9168123435,16394.1859143284,0796,-1.17876333380613,13.1457037758056,-3.92250254803219,0.00124251024306693,0.00761319912570099,-1.14626240873267,-2.26382640547709
"AT5G07460.1",3823.5649535625,2907.65315747348,5902.48553834916,3963.6601755703,5662.5007369788,4897.49734645947,0797,-0.248005545959682,12.1021916992491,-0.772793386149122,0.451058494626811,0.482050885906666,-6.44000579479024,-1.18756423125905
"AT5G07850.1",19467.9560642249,14782.1587922847,18179.0633062162,25959.4781423182,41558.1485168143,33372.591055265,0798,-0.927567553610585,14.5473252635834,-3.12151609025873,0.00666054313448922,0.0217922624885715,-2.78218423445994,-1.9020663247349
"AT5G07890.1",11611.7313547927,8613.62812538856,13045.3178227541,11689.3031071982,21312.6783664865,18557.0400724095,0799,-0.608308615314726,13.7199368350872,-1.91995511385093,0.0731155452543827,0.0982976279949214,-5.01238702463432,-1.52447090392915
"AT5G08360.1",2753.49155351981,2877.93745802379,2992.4819192992,4788.34110882497,8300.69247630284,7427.04229570948,0800,-1.21235588954436,12.0950112439323,-4.03855944297412,0.00097497599512747,0.00652781941108524,-0.907629210064608,-2.31715714710183
"AT5G09370.1",900122.784686638,696338.638002511,951342.781982493,1027111.14867976,1543125.08011898,1228867.85258123,0801,-0.569227853701754,19.9675481802972,-1.92839954709353,0.0719841101299614,0.0974242775654497,-4.99862381276601,-1.48372924982392
"AT5G09490.1",10869.6498015064,11295.3298323295,14543.6736106153,19372.0147069497,31741.1586526462,25471.9582801136,0802,-1.04421067055292,14.0887454553621,-3.47881575242786,0.00315157796858558,0.0138195989689305,-2.0573485910183,-2.06223775531492
"AT5G09900.1",82797.4418155637,63160.9995171042,91225.2297320779,96798.1725446012,152943.863189343,133650.713753469,0803,-0.684077246759792,16.5957873878183,-2.2672354766724,0.0377848628437883,0.058410544854847,-4.418300610553,-1.60667401795848
"AT5G10220.1",25041.3575202327,28720.503854913,39476.4408103169,34607.6455077565,56558.7211451819,52764.940319761,0804,-0.620994777627464,15.2073864830688,-1.99443624879003,0.0636653763390316,0.0875723748010353,-4.88973676066551,-1.53793526413016
"AT5G10440.1",5630.80002919016,4562.76154946378,6767.45027686038,6515.57841455208,10546.1383348356,10138.0681110973,0805,-0.667367486497108,12.7803497183464,-2.17276813753187,0.0453778078673671,0.0667786954205359,-4.58524177890848,-1.58817235314707
"AT5G10950.1",32633.548793026,25776.9675886701,37266.4453292797,31410.758887561,53161.5521341176,47231.016922188,0806,-0.443675231886989,15.1663681757252,-1.44355128537513,0.168412359516823,0.198443934115976,-5.72167245795902,-1.36006465093017
"AT5G11230.1",92606.8579724301,79541.0779967779,104773.876669174,137766.643991541,220787.814073719,184042.729597496,0807,-0.952887759008917,16.9615141873459,-3.20788018854725,0.00556134992177019,0.0199380311025165,-2.60825190545379,-1.93574344800532
"AT5G11310.1",4760.80165566886,4224.11471045221,5108.36754492382,6081.27308045307,10285.9649032565,8011.26152231759,0808,-0.761974275423608,12.5746523423928,-2.5583056629467,0.021203291272102,0.0412204210095007,-3.88307252943356,-1.69580969115385
"AT5G11460.1",12529.2885460937,10105.5805071928,11432.761311471,12799.5273175847,21698.7956248172,17141.2407126082,0809,-0.572475243199301,13.7519548909284,-1.91595353559772,0.0736572505534368,0.0988943961613873,-5.01889604895688,-1.48707276557652
"AT5G11740.1",1110385.23796828,805791.651200062,1083732.08543768,1612398.98816679,2555315.72985461,1969841.79882571,0810,-1.02174689343493,20.4276258901515,-3.40743360659519,0.00366100976768513,0.0152672113914755,-2.20312173057295,-2.03037596112469
"AT5G12170.2",55279.7458523203,46138.9497946023,57046.4335916157,75522.2031890841,111203.427554862,100138.904499523,0811,-0.84368395310184,16.1045395227956,-2.90598884818244,0.0104207577759929,0.0293464794193002,-3.21128927332121,-1.79462691470526
"AT5G12840.1",18883.3105973817,14769.2633000706,21342.8463106484,24044.541060015,38044.9786126893,33775.3294157352,0812,-0.791940690265848,14.5415840061762,-2.62399289441852,0.0185669195641412,0.0392702001659975,-3.75851871581972,-1.73140195099271
"AT5G13620.1",6047.34967457076,4898.60502060273,6955.66998768556,8511.38614527375,13699.7054704723,9790.02261439462,0813,-0.823199179420357,12.9399185023468,-2.72988320285596,0.0149665990465661,0.0353683834175625,-3.55525630204402,-1.76932512798521
"AT5G13820.1",21255.5116290472,13582.8780163811,24812.2219916451,21933.9169766005,33976.661577488,30527.3191197204,0814,-0.555684873923008,14.5125245990633,-1.74592195972309,0.100247249570512,0.126846019168696,-5.28741897328575,-1.46986624027385
"AT5G14200.1",10831.9307391295,9146.26802118489,15093.5289456102,9541.73811030864,12839.6417062077,11033.0422454757,0815,0.0485694232330705,13.4570483900602,0.161693484640925,0.873598130103753,0.885865305451248,-6.73367554351512,1.03423886368625
"AT5G14500.1",54231.8119019337,48641.235957696,59375.9168666037,65067.9246756341,106284.989689087,94131.3906225084,0816,-0.685087258004806,16.0606819102497,-2.30712024871656,0.0349490897891312,0.0555558644289491,-4.3467440214325,-1.60779922248716
"AT5G14620.1",13178.7124026714,9565.09118135317,13784.45028268,15063.9054733009,25018.0783219693,22043.710137592,0817,-0.752395347319155,13.9297322961971,-2.45175223453964,0.0262535087181733,0.0460005152756901,-4.0823494077447,-1.68458747801307
"AT5G15000.1",46758.5176735895,31752.6265459305,42830.5583537859,138256.859897386,207540.512086183,175914.624229857,0818,-2.10352458396064,16.3364265337159,-7.03069943906187,3.05643547504484e-06,0.000171669792515018,4.81240838701656,-4.29758026230338
"AT5G15140.1",10728.6133074012,7112.14429281741,11895.9086897936,3948.68412956688,6936.85340503168,6585.51800546759,0819,0.776928611822591,12.8528294627905,2.3977388621239,0.0292301219025195,0.0500027973662389,-4.18195343097159,1.71347912018499
"AT5G15380.1",1503.842617378,1273.28968774051,1664.36980246535,2658.74736713947,3819.74369292834,3940.37223052704,0820,-1.21623074629313,11.132282480483,-4.13393738443274,0.000799255978655109,0.00570265453011063,-0.711730093923302,-2.32338903963302
"AT5G15470.1",69932.7816061616,46326.2147684928,60767.4738297831,56565.5241579624,82342.4053613519,70801.1551667475,0821,-0.24807412834269,15.952140286528,-0.83191235718369,0.417862746941329,0.449903340956,-6.39222665960542,-1.18762068665576
"AT5G16360.1",2292.6630088271,1987.58782168212,2488.09539085195,2985.2251700139,3839.62956031018,4200.16333342298,0822,-0.695145135954444,11.4816965992487,-2.41699575674891,0.0281341057012009,0.0487047617532776,-4.14655666307676,-1.6190473019961
"AT5G16690.1",5134.71236097113,4169.16870014901,6195.38924564452,6171.12935647355,9926.36213476822,8491.06709991489,0823,-0.657065521633132,12.6450163537736,-2.16445778001503,0.0461092872896085,0.0675601296373829,-4.59974950050032,-1.57687196191666
"AT5G17165.1",1439.06422764362,1234.04253752393,1818.75226190623,2193.49153796674,3982.14494321336,2089.5159998473,0824,-0.832405941147053,10.9467992378762,-2.57755399651744,0.0203958096400227,0.0412204210095007,-3.84670332491954,-1.78065243059231
"AT5G17320.1",22268.1864559075,18248.2428299825,26724.0266948582,39300.1399221596,56207.4041547694,48721.3974598542,0825,-1.10295509600618,14.9862155443116,-3.73840416232566,0.00182737817510215,0.00982701773951209,-1.52489623689141,-2.14794208733756
"AT5G17470.1",6731.21267505781,7012.90507012693,9836.06601177425,9069.49345966765,13761.0202282329,10811.7847511433,0826,-0.512980294486853,13.1754500123459,-1.70748359501191,0.107314890505999,0.134435231490291,-5.34583268699698,-1.42699501451547
"AT5G18020.1",4290.13335557345,1900.68341763114,3379.49548200715,3094.05110430538,5523.29966530592,5152.31637083109,0827,-0.558461808983189,11.8403053722363,-1.59045987292331,0.131550538093248,0.159660977205611,-5.51808754531118,-1.47269819976839
"AT5G18060.1",1923.67218122617,918.943988642312,2158.182189855,1717.25327505816,2654.76329547557,2907.42291709866,0828,-0.598530230930285,10.9099546174096,-1.68265614933776,0.112106672742388,0.138726861863591,-5.38308965598488,-1.51417319187468
"AT5G18960.1",29789.0395020313,22838.4773845979,34408.255001412,39130.4114007876,59597.944543373,53815.2919080245,0829,-0.807500194950576,15.2078479211116,-2.67674946743562,0.0166799504668408,0.0370921792168912,-3.65761491718008,-1.75017622599074
"AT5G19175.1",12626.0461408869,10204.8197298833,16425.870718867,26696.2996056862,40091.5657974036,33056.8640689704,0830,-1.35435171856997,14.3255438814214,-4.46013991902947,0.000406975790733447,0.00354700452096133,-0.044648348148276,-2.55682198505502
"AT5G19600.1",6720.55294003823,5975.09828368586,7740.27125415906,9114.42159767789,13991.3648587392,11862.1363394068,0831,-0.760907298684362,13.1064275897336,-2.59305161638195,0.0197671092547396,0.040742176573363,-3.8173425346092,-1.69455598158843
"AT5G20000.1",58162.7941853089,44787.1658064286,64913.5945384659,63988.6509603214,93604.4349219337,80639.6555467543,0832,-0.504718807429949,16.0073323965004,-1.70344584244046,0.108081876583893,0.134735853546628,-5.35191737429211,-1.41884678489025
"AT5G20280.1",175669.15320425,127556.041571732,180926.725737756,219777.468712371,328030.639708364,287752.829497116,0833,-0.785098337857328,17.6753313579807,-2.6334575725206,0.0182139562879787,0.0388950168211465,-3.74047167907213,-1.72320977389425
"AT5G20320.1",19306.4200796974,15227.3336104555,21832.429041615,21872.015986453,35527.7592332714,30555.9085712352,0834,-0.629061950590595,14.4963940916613,-2.07764839538289,0.0544265680574845,0.0772826689692652,-4.74947914873405,-1.54655908408851
"AT5G20430.1",3426.69481898728,2604.32875365683,3587.80606084176,5773.76493584963,8138.29122601782,7700.50661454732,0835,-1.16586601150571,12.2161199767493,-3.97132023729617,0.00112194092347629,0.00731795015248086,-1.04586131002448,-2.24367857254801
"AT5G20580.1",25644.8625182645,19412.7618442657,29402.4566247468,32687.7164101188,52044.6292495043,43464.6674400123,0836,-0.778884826816926,14.9677519788866,-2.56128233189319,0.0210764533504246,0.0412204210095007,-3.87745533148196,-1.71580407937485
"AT5G20810.1",2377.12090936686,2101.9652308847,3090.82143113483,3693.09294444195,5198.49716473588,4625.27604725272,0837,-0.840913188264441,11.7031422331778,-2.8499378425301,0.0116983436631742,0.031466119228041,-3.32149765961154,-1.79118355549596
"AT5G21150.1",92467.4614375587,73811.5547387328,103562.080103973,121964.918651805,197895.866405991,161503.054627103,0838,-0.821105340865294,16.8533535440169,-2.72870096591356,0.015002805863669,0.0353683834175625,-3.55754149147078,-1.76675910121463
"AT5G21930.1",15423.8165937188,10947.7122161256,20826.8282270378,25944.5020963148,40949.972406053,35263.2239141393,0839,-1.13768683842127,14.4613981118998,-3.55083250069942,0.00270926105699473,0.0124502860391894,-1.90994036080425,-2.20027955866525
"AT5G22020.1",216978.086343982,168202.633030313,228983.024602205,302688.85299954,461131.721561861,398017.371911425,0840,-0.910948522742526,18.0861186728807,-3.07538003763743,0.00733272164845792,0.0230229241819595,-2.87467600883852,-1.88028131290982
"AT5G22170.1",0,10.6527979159267,0,55.9105717460797,86.1720919879712,0,0841,-2.91127156775741,2.63650394795818,-2.37965916892737,0.0302956708662989,0.0507073526154838,-4.21506851628614,-7.52280955358287
"AT5G22200.1",59333.7250782292,46880.7209336955,65021.4507772533,94872.2530285622,144295.168033858,114219.83088041,0842,-1.03729207957748,16.305971798855,-3.50247970146418,0.00299881007002835,0.0133559338361175,-2.00894594287837,-2.05237175976676
"AT5G22440.1",97402.9187516253,75813.7200733525,110004.904250365,91215.1025945284,148714.802059472,124453.6115031,0843,-0.351785167622676,16.6855939154534,-1.15959412977098,0.26344921201879,0.295941281501107,-6.07093448883414,-1.27613872427933
"AT5G22460.1",110488.153477971,84284.3764372379,114686.076496562,132486.090170737,217438.702575494,175146.438097849,0844,-0.746691743657639,17.0146402895574,-2.47860607213675,0.0248826685254557,0.0447622382192807,-4.03246627358596,-1.67794071532503
"AT5G22920.1",51029.7914979745,36102.3321370757,124786.496034777,97845.4973617733,179988.642828645,181567.877512014,0845,-1.26596857744867,16.5356638315041,-3.07939854614886,0.0072716164793754,0.0229808554146927,-2.86663244405173,-2.40488611771721
"AT5G23020.1",582.185527992575,572.447719587432,1589.29340095643,126.797189495574,134.229604827417,259.791102895947,0846,2.2942253839991,8.51502281029044,5.69059217793864,3.51860987240427e-05,0.000671191430377493,2.38716649351633,4.90490564573136
"AT5G23210.1",196948.444242187,146858.911395392,197121.022767462,239968.173934174,364247.775677539,319279.536400225,0847,-0.763747625388515,17.8286326024715,-2.57452249130985,0.0205210050404779,0.0412204210095007,-3.85243848216558,-1.69789544939227
"AT5G23340.1",17882.9354647747,13342.349052911,21233.9326577552,17967.2615918295,27465.6971655507,25931.8755436136,0848,-0.445563956384014,14.2909025554261,-1.45357095484511,0.165651663144938,0.195875826245067,-5.70825761671697,-1.36184636471375
"AT5G24240.1",5274.92887545948,4429.32123872744,5130.57324114477,7065.69850441083,11136.0857338301,9888.22116525003,0849,-0.899318501384105,12.7175227430224,-3.06172170048352,0.00754420292550397,0.023468274331337,-2.90199640269427,-1.86518470114725
"AT5G24380.1",33270.6729553503,20945.0827234355,34683.1826689094,16398.7703737386,33005.5683870081,21714.3099353555,0850,0.346703815333779,14.6461113910666,1.04301492939589,0.312648130210027,0.345828511643695,-6.19585124246385,1.2716519103573
"AT5G24410.1",22735.5748375354,21545.5641217491,25333.5271457845,36627.4149120836,61016.4697499442,47183.7821762069,0851,-1.02897653356886,15.0133932024743,-3.47688940055434,0.0031643504763008,0.0138195989689305,-2.06128719946911,-2.04057612684709
"AT5G24460.1",45371.1121618101,33222.7126583284,48268.8390997066,58270.7965962178,83379.7847764379,69277.2130990421,0852,-0.736591107481717,15.7177216462414,-2.48824705301307,0.024407289178795,0.0440638738567175,-4.01450031669841,-1.66623409882834
"AT5G24810.1",62297.1314136731,46272.9507789132,62688.795259948,73730.0696840089,117533.762004747,100007.144418629,0853,-0.75390469805774,16.1638713245803,-2.51173268128765,0.023285093024938,0.0427977755326429,-3.97061120631788,-1.68635081939869
"AT5G25030.1",17.21957195471,0,0,0,0,0,0854,1.39580572005684,0.697902860028418,1.85124037161292,0.0829303929435898,0.107766873092505,-5.12297927714884,2.63135467588641
"AT5G25410.1",19139.9642174686,18083.9654726474,24673.7007437906,50777.7815791762,103522.511278626,84880.8385280029,0855,-1.90236043216015,15.2703882416651,-5.91301891921356,2.30617718522171e-05,0.000529896621422534,2.80729356468786,-3.73824320565751
"AT5G25620.1",42911.1733111372,32349.1832292224,40124.6356571475,45385.4066148802,69832.5376225598,49951.9868946245,0856,-0.502355391380991,15.4721184418139,-1.69564901416979,0.109576383175581,0.135888384323893,-5.36363885720095,-1.41652433976768
"AT5G25950.1",5155.2118513934,10445.909366928,13118.2793960515,5643.97253715337,12864.499040435,10523.4041967325,0857,-0.0377121094080923,13.1396178077339,-0.0976842025435787,0.92341229329724,0.928925202510955,-6.74237337285636,-1.02648468969457
"AT5G26250.1",14810.4718402843,13892.930503092,23286.3734370343,16256.9971382396,24469.5598133535,19887.0710776663,0858,-0.241127425970275,14.161848667623,-0.777333763681382,0.448452178494314,0.479772648103441,-6.43645150832946,-1.18191593499252
"AT5G26580.1",27.0593273574014,59.4313988993808,77.1912297204387,26.9568828061456,38.1145791485257,131.760080894595,0859,-0.0436246330026364,5.69400226506751,-0.0884901865053681,0.930599695219545,0.935224942213678,-6.74327062709578,-1.0307001116332
"AT5G26630.1",18833.2918407513,16728.2567694521,21052.0574315646,11771.1721586836,17908.8807329616,13955.3813981473,0860,0.39090123370498,14.0021833980069,1.34001891520511,0.199205187638349,0.230430714762438,-5.85606649060344,1.31121224610469
"AT5G26650.1",48848.6457170446,33053.9499123971,53105.4512194503,26575.492834592,41130.6023681047,35598.8392145312,0861,0.379944273436115,15.238440760761,1.23332024316266,0.235501659636629,0.268401191249334,-5.98620602055698,1.30129158985744
"AT5G26700.1",12165.2175961941,10865.8538742453,11950.8942232931,16459.6729608191,23642.639161392,23007.0503516798,0862,-0.834186616434673,13.9248237929443,-2.90002731370884,0.0105499059576963,0.0293871776654154,-3.22304101961713,-1.7828515934672
"AT5G26805.1",828.17941305986,1074.25056878503,1469.80560700561,1065.2960723762,2986.19441850623,1727.79728720271,0863,-0.690044083525279,10.4411515526211,-1.87041100988162,0.0800804588898168,0.105227506657206,-5.09238011218986,-1.61333281528755
"AT5G26880.1",11241.100567958,9105.33885024475,12515.5533557687,13987.6269671889,20381.3569107703,17198.4196156379,0864,-0.645414370848115,13.72965023869,-2.20349860343406,0.0427650691266006,0.0640525702029529,-4.5313395045852,-1.56418848793841
"AT5G26950.1",169.735780696427,104.285284861178,258.009041805302,247.603960589782,449.089171706542,299.567731090541,0865,-0.950892853287932,7.85899318555509,-2.67071375647067,0.0168861178460949,0.0370921792168912,-3.66919658961696,-1.93306862280491
"AT5G27050.1",63.1384305006032,40.3684973656171,0,0,0,0,0866,3.79119259860215,1.89559629930108,3.80326000408299,0.00159498425774902,0.00911033381121048,-1.39153792314429,13.8440350933069
"AT5G27070.1",22.9594292729466,15.6988600866289,149.09538891208,138.778026298305,227.030319276001,65.8800404472975,0867,-1.71654807766995,6.14958577292197,-2.76416102444877,0.0139527451994346,0.0343936461806266,-3.48885244980663,-3.28649109889169
"AT5G27090.1",0,0,0,0,53.0289796849054,96.9555312243246,0868,-4.12323886209874,2.06161943104937,-3.81650256651838,0.00155131889742571,0.00891126934828062,-1.36430143554965,-17.4268373085687
"AT5G27130.1",16.399592337819,10.0921243414043,16.9186256921509,0,23.2001786121461,0,0869,2.38629589475826,2.72546321084576,2.88860842928123,0.0108016464117031,0.0295147689790049,-3.2455309839628,5.22813318850705
"AT5G27580.1",95.1176355593502,119.984144947806,204.080922411571,76.8770361508596,389.431569561024,70.8521189716218,0870,0.0421473820863003,7.04074394875554,0.0823857367126518,0.935375309601575,0.938159164689675,-6.74381746184135,1.02964526402439
"AT5G27910.1",2128.66708544891,1707.81170799541,2013.31645736596,2223.44362997356,3349.1114982248,3702.95548099055,0871,-0.63760289867631,11.2425563053051,-2.12450016077098,0.0497806047544899,0.0715905994406676,-4.66908620106772,-1.55574207668988
"AT5G27960.1",13948.673262932,9565.65185492769,14186.2676428686,8764.98052426489,14861.3715566947,12566.9284702298,0872,0.0698385007536224,13.5597644950647,0.224864762855292,0.824968662816639,0.841504031717257,-6.72089941690511,1.04959918203048
"AT5G28000.1",13457.5054724143,10336.5780198961,15222.5334665128,23748.0153491474,37769.8907805738,31279.3459965244,0873,-1.2425597645812,14.2698988234321,-4.11029806558866,0.000839567004182993,0.00577416490631977,-0.760258753737988,-2.36617989841014
"AT5G28300.1",34155.4309619756,26114.4930805326,33735.739630149,44541.7560233546,75372.4088440172,59630.1377422218,0874,-0.911309532314213,15.3804950568826,-3.01787456935408,0.00826437005541132,0.0248668991845858,-2.9895026869581,-1.88075187977823
"AT5G28530.1",11409.1963894207,8193.12294449671,12449.9936812116,14440.9019595589,24981.6208984359,21018.2189419501,0875,-0.90121623300454,13.8114024800563,-2.88908932040475,0.0107909277222212,0.0295147689790049,-3.2445843737612,-1.86763979312931
"AT5G28646.1",336.19164292529,285.382849431932,355.29113953517,328.474609008218,772.234516661434,486.020675752704,0876,-0.616828621943569,8.65379399517608,-1.86605978083171,0.0807195581133265,0.10556212760849,-5.09934283787998,-1.53350048399827
"AT5G32619.1",29270.8123841562,21187.8543812038,24225.3571629486,56917.9604405761,112772.753922412,85119.4982971705,0877,-1.72812673340294,15.4549074626969,-5.45567467394871,5.53653000259433e-05,0.000917611775839815,1.93630057171458,-3.31297366039888
"AT5G33290.1",36044.6639992924,30323.4696044727,41764.6849351804,46434.7282381861,82060.6889067759,63057.1428651123,0878,-0.798666851237336,15.5245878834781,-2.60871529376629,0.01915053184949,0.0399832239648556,-3.78759730092082,-1.73949297335959
"AT5G34940.1",68067.3279777347,49781.0853347002,69843.2590995164,107779.607877371,172957.331553549,151056.717647498,0879,-1.19088481489345,16.5120720783673,-3.93441685928292,0.00121192748190436,0.00750221094178661,-1.12175667907248,-2.28292713754518
"AT5G35375.1",58.2185527992575,7.28875646879198,13.7463833748726,37.9393165419827,96.115025678891,0,0880,0.312214663246126,4.11770009141262,0.275405460641144,0.786576182563922,0.806519797740492,-6.70769193818281,1.24161222126764
"AT5G35490.1",2540.29685312816,1516.62201908325,2186.73237071051,5100.84126876288,8222.80616239064,6381.66278597029,0881,-1.66272300527566,11.8227503493824,-5.32951829819134,7.0832854232795e-05,0.00108503053983872,1.69127154419782,-3.16613551308279
"AT5G35550.1",80641.7154027574,61492.9956328999,87465.0651719973,114927.175433268,200761.088464591,157658.394908169,0882,-1.02270055101967,16.7193003755254,-3.32368044547466,0.00436402702814351,0.0171149714339847,-2.37363599168549,-2.03171853421692
"AT5G36210.1",40067.4839997594,30115.4597083249,45083.9078131592,47944.3136753303,73794.7966983913,63651.3062487691,0883,-0.683158852034161,15.5511800335951,-2.26527718089756,0.0379294795825344,0.0585152414838663,-4.42179799469186,-1.60565156252372
"AT5G36940.1",11364.0975104917,7818.03232314118,11499.3784001338,13277.762386627,22505.8304093969,17965.3627280149,0884,-0.797809528403402,13.69706826728,-2.57858869871925,0.0203532457092824,0.0412204210095007,-3.8447452095291,-1.73845958516198
"AT5G37290.1",7452.79473792185,5604.49305092651,7032.86121740599,7706.67327335696,12637.468721159,8811.76616473381,0885,-0.515502292715075,12.9565798432431,-1.71425709393102,0.106038855084999,0.133009035348553,-5.33560328393926,-1.42949174893182
"AT5G37420.1",961.016110996194,999.120309799024,1227.6577767867,1174.12200666767,2333.27510613584,1793.67732765,0886,-0.686039993095468,10.3892674985279,-2.17973699708785,0.044772686482498,0.0661771725640431,-4.57305319121733,-1.60886134067397
"AT5G37473.1",280.433028976705,490.02870413263,1133.54792137411,53.9137656122912,134.229604827417,290.866593672974,0887,2.05889493011134,8.04529027744539,3.86094150811129,0.00141339774028309,0.00845529654098344,-1.27289327960038,4.16667025098359
"AT5G37560.1",2407.46015519183,1780.69927268333,2839.15687396408,5315.49792814515,8842.58236245797,6392.84996265002,0888,-1.54148549712809,11.9389722079872,-4.96385188859396,0.000146275571328839,0.00165097761906125,0.970413872371376,-2.91094079506815
"AT5G38140.1",7374.07669470031,5731.20527876859,8680.31239417919,8146.96902585733,12788.269882138,11480.5293126649,0889,-0.568294641263734,13.0898187672583,-1.8698410363728,0.0801639180532687,0.105227506657206,-5.09329275234965,-1.48276980460509
"AT5G38195.1",34560.5008927198,30519.1446819811,37095.1442441467,42712.6816048042,70768.8305451214,62583.5523856704,0890,-0.75781413608286,15.4300184186956,-2.54241290320439,0.0218929095293082,0.041526700814504,-3.91301861820738,-1.69092671685727
"AT5G38620.1",120.53700368297,39.2471502165722,72.9615732974009,77.8754392177539,116.00089306073,0,0891,1.76429686560019,5.27277508622649,1.51482096675089,0.149578054491002,0.177909897753415,-5.6247347497684,3.3970839371128
"AT5G38740.1",75.4381247539674,185.582953166934,190.334539036698,182.707761241653,387.77441394587,308.268868508109,0892,-1.00564288992413,7.62943723496359,-2.60618303158964,0.0192489474709904,0.0400425635661962,-3.79241076119376,-2.00783802513213
"AT5G38820.1",7128.90278924992,5600.00766233033,7336.33906575895,10700.8840709729,18248.5976340681,16722.3430969338,0893,-1.159517087494,13.2771514163338,-3.79779628177208,0.00161335875982284,0.0091441874188072,-1.40277485611346,-2.23382642351502
"AT5G38970.1",36207.0199634368,27091.7471209253,35685.6112411694,48823.9067772641,81129.3674510597,69297.1014131394,0894,-0.990358752254886,15.4927580497411,-3.27380256797496,0.00484474308150927,0.0182083094996501,-2.4748687972364,-1.98667895316359
"AT5G39110.1",1983.53069325921,459.191657533895,1811.35036316591,181.709358174759,420.917526248936,263.52016178919,0895,2.11428718120239,9.15096285899907,4.4701885198499,0.000398655772527997,0.00353328745188385,-0.024196261249859,4.32976036940626
"AT5G39190.1",760171.123614541,646635.486294669,880052.980386298,1044386.51694623,1603538.34522501,1331523.87183369,0896,-0.788635827186216,19.9229160721067,-2.66991900691501,0.0169134467052293,0.0370921792168912,-3.67072089003343,-1.72744027003041
"AT5G39260.1",175346.901214811,127586.878618331,175696.75557067,530630.263589906,856311.963951852,725774.302195624,0897,-2.13018787019219,18.333003475595,-7.05032514601311,2.95437469880707e-06,0.000171669792515018,4.84600023306231,-4.37774484527613
"AT5G39270.1",16672.6455502437,11571.7419045691,24616.6003820796,11139.1830173395,8675.20964532749,6980.79824815137,0898,0.938470035317975,13.5678075059805,2.83480322634188,0.0120686359413151,0.0319408139703393,-3.35114387450894,1.91649473573087
"AT5G39440.1",3566.09135385874,2780.9409296314,4601.86618826506,4861.22453270825,9074.58414857943,8983.302873823,0899,-1.03921371108713,12.3231819577734,-3.15433829155497,0.00621963069216121,0.0210137780032339,-2.71619856285961,-2.05510728590663
"AT5G39560.1",2680.51336761652,3314.14149900226,3913.48960541566,2421.12743721863,3516.48421535529,3096.36190102298,0900,0.133027808591478,11.6062510829046,0.449492002589536,0.659185476524873,0.689892874499634,-6.64208950305673,1.0965927256989
"AT5G39750.1",50.8387362472389,3.92471502165722,61.3300181340472,1.99680613378856,84.5149363728179,77.0672171270272,0901,-0.110107035347876,4.70767155524006,-0.106570736932564,0.916471774006148,0.922861517450414,-6.74142201000048,-1.07930830876619
"AT5G39810.1",19.6795108053828,38.6864766420497,6.3444846345566,74.8802300170711,19.8858673818395,0,0902,0.642419897333444,3.86457904903296,0.620924393460998,0.543509242330478,0.574778079493843,-6.54762529951349,1.56094520836149
"AT5G40120.1",29.5192662080742,1.12134714904492,17.9760397979104,30.9504950737227,36.4574235333724,0,0903,0.0125966639420989,3.41461371349058,0.0116593581047502,0.99084343233625,0.99084343233625,-6.74730527722272,1.00876957144683
"AT5G40220.1",35.2591235263109,6.72808289426952,28.5501808555047,0,0,0,0904,4.33849259033368,2.16924629516684,9.72887392376581,4.53007083856781e-08,2.28995080889603e-05,8.9281554368187,20.2309560052039
"AT5G40360.1",145.136392189698,204.645854700698,200.908680094292,74.8802300170711,424.231837479243,236.173729905406,0905,-0.111603124923071,7.56671789240075,-0.23986896708616,0.813517978118683,0.83161443465924,-6.7172548544739,-1.08042814310736
"AT5G40570.1",6390.92113404807,4542.57730078097,6347.65687687388,7205.47493377603,11699.5186429822,9019.35044312435,0906,-0.681482718078072,12.8153688567308,-2.24706733872458,0.0392991555250006,0.0604740429768274,-4.45424672134091,-1.60378718768647
"AT5G40600.1",4237.65466009243,3142.01471162387,4793.25814140751,4769.37145055398,8095.20518002383,7003.17260151083,0907,-0.694166350210876,12.3118884749398,-2.23617179426851,0.0401405437865537,0.0612097884889981,-4.47359839761217,-1.61794924389658
"AT5G40680.1",14506.2594024178,11201.1366718097,17498.0886221071,57440.1252445618,99530.4234017219,91983.4527000003,0908,-2.51026579963936,15.0454548540395,-7.96651694196946,6.40653992493509e-07,0.000129540237282187,6.35242876141813,-5.69725033725063
"AT5G41050.1",27057.6873981676,22116.8904941875,26829.7681054341,34389.9936391735,55049.0523797772,44548.580558315,0909,-0.797664192394842,15.0216091448612,-2.7045167224784,0.0157622731052743,0.0361788131033436,-3.60421214909142,-1.73828446287765
"AT5G41200.1",42.6389400783294,12.3348186394941,6.3444846345566,67.8914085488111,79.543469527358,0,0910,-0.125538723550529,4.08321326661199,-0.109715436976748,0.914017357760357,0.921307625818266,-6.7410655470258,-1.09091502033304
"AT5G41260.1",21369.4887957951,16076.1934022825,25327.18266115,25359.4378991147,42292.2684543272,38226.5827146366,0911,-0.745414213694984,14.7008791692053,-2.39203535497989,0.0295623914679328,0.0501469425739599,-4.19241249496556,-1.67645552916043
"AT5G41390.1",159.076045676844,100.36056983952,229.458860949797,125.798786428679,316.516722494279,417.654596043244,0912,-0.72412358764537,7.64017238815857,-1.7388142918628,0.101522663422815,0.127934157647796,-5.29828649107904,-1.65189683260766
"AT5G41610.1",44334.6579260599,35251.2296509506,50135.174996372,56649.3900155815,89860.9203873024,76172.2429926489,0913,-0.769015390827507,15.7695647174161,-2.56103094449298,0.0210871370837341,0.0412204210095007,-3.87792981994104,-1.70410636964474
"AT5G41750.1",406.709889977911,412.095077274008,567.831374792816,1028.35515890111,826.920651961493,776.887269425678,0914,-0.930234892297069,9.30297959015316,-3.19071346644514,0.00576454855485286,0.0201428323818556,-2.64290168895649,-1.90558622872695
"AT5G41830.1",1375.10581752612,990.710206181187,1870.56555308844,531.150431587757,942.921545022224,581.733187345947,0915,1.04175840763773,9.89584758130277,3.15032537900482,0.00627195493528616,0.0210137780032339,-2.72427402358568,2.05873538409831
"AT5G41850.1",8663.08465245289,6389.43605525796,8566.11167075717,13346.6521982427,17643.7358345371,14962.227299323,0916,-0.964419625733498,13.4112509676775,-3.33471751890617,0.00426421930818546,0.0169063753748059,-2.35120160357738,-1.95127839402847
"AT5G42235.1",232638.057067365,195082.445540068,239378.462675926,299418.084552394,495429.871328689,384663.612014721,0917,-0.797655664093195,18.1556296625713,-2.68513886976982,0.0163974029552694,0.036782670316564,-3.64150108318742,-1.73827418726845
"AT5G42670.1",7712.72827647628,5799.60745486033,8784.99639064938,8065.099974372,13842.2208533755,12069.7206177973,0918,-0.592526902845051,13.1349938108401,-1.90517494743939,0.0751343166741092,0.10034451011562,-5.0363869225822,-1.50788552079656
"AT5G42690.1",12431.7109716837,9541.54289122323,12820.0886182274,15060.9102641002,28110.3306998453,21608.6532667136,0919,-0.862875693004916,13.920852008638,-2.7729909696011,0.0137025256022133,0.0341891976761471,-3.47170164096899,-1.81865979558787
"AT5G42797.1",259.933538554431,164.277357335081,249.549728959226,640.974768946128,767.263049815974,242.388828060811,0920,-1.15790381794397,8.36736425169464,-2.95661862480746,0.00938431757505355,0.0271072716239404,-3.11120968677452,-2.23132988067442
"AT5G42930.1",13479.6449220703,9511.26651819901,14296.2387098675,17733.6352741762,31217.4974782577,26507.3936328041,0921,-1.00031097049806,14.0793635647979,-3.18960942201802,0.00577786487709015,0.0201428323818556,-2.64512886758394,-2.00043114311235
"AT5G43190.1",37222.1547291478,26940.3652558042,45841.016312883,46528.5781264742,79962.7298979918,64563.6826579826,0922,-0.795181765636094,15.5262011936421,-2.5067585705042,0.0235185941543577,0.043074816467492,-3.97992114550701,-1.73529599106081
"AT5G43320.1",82553.0878897302,63010.7389991322,101957.982905536,104714.510462006,186625.551067333,168212.874595679,0923,-0.877277709606709,16.7433103221477,-2.74887031631156,0.0143965313782734,0.0349384696075318,-3.51850881728558,-1.83690588325496
"AT5G43420.1",5547.16210826728,3236.76854571816,5255.34810562439,5798.72501252198,6510.96441193729,6979.55522852029,0924,-0.49378282807794,12.3996992390594,-1.62843401400391,0.123218142960653,0.150633062313447,-5.46313500927497,-1.40813224184605
"AT5G43780.1",25507.1059426268,18878.4399277458,29404.5714529583,35933.5247805921,57251.412192316,43514.3882252555,0925,-0.886790493711027,15.0057280505299,-2.89896014344984,0.0105731886309099,0.0293871776654154,-3.22514395264959,-1.84905801893982
"AT5G44130.1",282268.963338924,170487.938520066,332951.15172279,355420.509380628,580599.384169492,532779.345215081,0926,-0.926182919909703,18.4067548079763,-2.81327560625314,0.0126150044424154,0.0323673079855008,-3.39322774688026,-1.90024168291692
"AT5G44350.1",13351.7281018353,10528.3283823828,19143.4249706688,23639.1894148559,34836.7253417525,21771.4888383852,0927,-0.911975361238373,14.2198574846957,-2.856271548737,0.0115466763745244,0.0312130743707065,-3.30907656831298,-1.88162007990325
"AT5G44360.1",221795.466593216,170062.947950578,236692.630847297,326684.472309277,539848.270437258,482473.097725599,0928,-1.08419194727421,18.2045146489106,-3.56382511721708,0.00263633719638222,0.012185196991249,-1.8833154002094,-2.12018763414353
"AT5G44973.1",221761.027449307,172897.152869789,227550.228488901,323907.913380244,521955.961260448,443994.182025853,0929,-1.03497895292741,18.1688386788123,-3.46269980279595,0.00326003749737534,0.0140250974887084,-2.09029153416168,-2.04908375234042
"AT5G45980.1",2674.77351029828,2611.61751012562,3575.11709157265,3920.72884369384,8448.17932605149,6208.88305725002,0930,-1.01367373294788,12.020569787101,-3.1056510268282,0.00688455597619676,0.0223803411316236,-2.81402510759542,-2.01904593412484
"AT5G46010.1",20164.1187589654,15048.4787401828,21491.9416995605,19664.5468055498,33986.6045111789,29058.0699157825,0931,-0.524743045344499,14.4518966941087,-1.70028755992067,0.108685116061051,0.135162741632511,-5.35666987016821,-1.43867731812106
"AT5G46025.1",493.627729368352,393.592849314767,593.209313331042,426.318109563858,1453.32547448944,574.275069559461,0932,-0.54138717682652,9.20044282842097,-1.37930732503247,0.187023900167098,0.218086693274436,-5.80598473850835,-1.45537120996621
"AT5G46230.1",7745.52746115192,5832.68719575715,8521.70027831528,9064.50144433318,14952.5151155282,12906.2728295149,0933,-0.727881170452809,13.1928143250832,-2.38162881149825,0.0301778361360709,0.0507073526154838,-4.21146648562666,-1.65620490147248
"AT5G46300.1",31759.4505214203,25402.9983144636,34377.589992345,39863.239251888,79941.1868749948,65760.7105627137,0934,-0.972500890447188,15.371895268722,-3.04636657160838,0.00778910975184755,0.0238629998761148,-2.93267604068257,-1.96223916111178
"AT5G46540.1",40995.7009260799,31776.1748360604,42307.138371435,51162.1667599305,80592.4490317501,67932.2658582123,0935,-0.781817486572031,15.6067657532806,-2.62755748992602,0.0184332232136104,0.0390691586351364,-3.75172472012824,-1.71929545294958
"AT5G46810.1",80613.8360957831,54892.1856400469,90436.3988091813,167747.68968731,300303.111955619,256284.544516667,0936,-1.670556727633,17.0045213886495,-5.20801595750619,8.99711977398271e-05,0.00121281174553287,1.45344936093006,-3.18337414360908
"AT5G46820.1",6936.20757928055,5852.31077086544,9136.05787376151,17680.7199116308,33502.7150715541,25985.3253877501,0937,-1.79159299788465,13.7066933254857,-5.60910058095899,4.11441641017158e-05,0.000741672011513819,2.23157863738399,-3.46196945989631
"AT5G47077.1",1179.95066870608,678.975698746699,1382.04023622758,647.963590414388,478.917972779302,251.089965478379,0938,1.27408904435098,9.37918873667965,3.40066760602527,0.00371335696674584,0.0153860815302461,-2.2169190217296,2.41846061648305
"AT5G47175.1",3425.0548597535,1996.55859887448,3596.26537368783,5745.80964997659,7062.79723178333,6461.21604235948,0939,-1.13784916896089,12.0752710927278,-3.68085648749484,0.00206195277043261,0.0107242368851422,-1.64315625176707,-2.20052714575264
"AT5G47250.1",3841.6045051341,3411.69870096917,5019.54476004003,3183.90738032586,6199.41915628847,5433.23880745542,0940,-0.234951224265858,12.0968737163058,-0.729643233143139,0.476293879054902,0.507411076632777,-6.47281824978112,-1.1768669481309
"AT5G47560.1",89620.4922077133,66959.0023109193,97893.2830829969,99862.2715568998,144853.629476164,126216.213339973,0941,-0.5453186314144,16.6264946738923,-1.83720080058265,0.0850743438037235,0.109846949662279,-5.14526093837092,-1.45934261682304
"AT5G47620.1",54402.367662247,38471.1779894331,57923.0298852903,65500.2332035993,102082.443049058,87522.2552440502,0942,-0.757064004124366,15.9734688624121,-2.49050723232247,0.024297098041501,0.0440638738567175,-4.01028416860941,-1.69004774491046
"AT5G47770.1",41084.2587247042,29628.7950456394,43484.0402711452,52066.7199385368,80125.1311482769,70163.4860960029,0943,-0.82240479123873,15.607644331495,-2.72555381891837,0.0150996017597605,0.0353683834175625,-3.5636230549733,-1.76835115632799
"AT5G47790.1",15509.0944738754,11414.1926301282,16020.8811163612,18116.0236487967,27124.3231088291,23691.9541684055,0944,-0.679079385040033,14.128654146234,-2.28254031815948,0.0366722133846759,0.0572154440307213,-4.39091535436721,-1.60111772121858
"AT5G48100.1",16959.6384161555,24394.9072274722,34359.613952547,15646.9728643672,26547.6329547557,21115.1744731744,0945,0.232207861431046,14.4481369237978,0.70267479464568,0.492488726665847,0.523560570619529,-6.49243152571742,1.17463119819967
"AT5G48650.1",37796.9604405884,35448.026075608,44539.3395486931,49874.2268036369,82247.9474912882,69410.2161995678,0946,-0.751440829831324,15.6298217735743,-2.52230585972121,0.0227960577894855,0.0424792605893748,-3.95079602785834,-1.68347328801004
"AT5G48670.1",3469.33375906561,3023.71258739963,4176.78571774976,4361.02459619422,7322.9706633624,4857.72071826488,0947,-0.607863148527883,12.087919518823,-1.99645759912027,0.0634250403380984,0.087360648204111,-4.88636929616934,-1.52400025954323
"AT5G48820.1",4996.13580571656,4609.29745614914,5491.15145120874,7169.53242336783,10141.7923647382,8769.50349727705,0948,-0.777930074624093,12.6825268793995,-2.72289585922156,0.0151818208424249,0.0354454469758755,-3.56875741042784,-1.71466896368929
"AT5G48970.1",8513.02838256184,7021.31517374477,10355.2563377021,10214.6617773954,17134.989060685,15269.2531482,0949,-0.70336702358966,13.408874237486,-2.28760280770915,0.0363109565749683,0.0569153133291364,-4.38183684400563,-1.62830055934065
"AT5G49040.1",21376.0486327302,25405.8016823362,31285.7111471044,34465.8722722575,66107.2517996952,53117.957894988,0950,-0.944146707929306,15.1220615567507,-2.97606848474714,0.00901352454221443,0.026403041117861,-3.07263695931586,-1.92405055644365
"AT5G49160.1",28643.5279772347,24356.2207508302,35951.022181715,37250.4184258256,56997.8673831975,50423.0913348042,0951,-0.697886594473609,15.1862163467358,-2.3250840280839,0.0337380038097543,0.0543096949920804,-4.31431669730917,-1.62212679607409
"AT5G49420.1",1372.64587867545,1116.30108687422,1658.02531783079,1612.42095303426,2646.47751739981,1908.03513370946,0952,-0.559740313236055,10.6951091227207,-1.83583034888097,0.0852862332430094,0.109980078837605,-5.1474301046214,-1.47400387102118
"AT5G49490.1",137.75657563768,256.227823556764,216.769891680684,621.006707608243,487.203750855068,60.9079619229731,0953,-0.424734346035928,7.84235914597129,-0.693173818974711,0.498270554666684,0.528595520218277,-6.49917622426583,-1.34232530786925
"AT5G49810.1",38220.0699229041,26090.9447904027,41857.7373764872,43641.1964570159,65780.79214351,56817.1843170853,0954,-0.65542110500723,15.4099234120945,-2.14230722204178,0.0481124558874999,0.0696872391149891,-4.6382727872055,-1.57507563132764
"AT5G49830.1",38684.1783860644,27752.2205917127,42512.2767079523,48706.0952153706,71721.6950238345,65495.9473812934,0955,-0.775213243981311,15.5127688623618,-2.57034085820127,0.0206949038001865,0.0412204210095007,-3.86034510552368,-1.71144300014386
"AT5G49890.1",26184.4091061787,19726.1783724237,30235.6989400853,29475.8537439199,49555.5815155441,43049.4988832312,0956,-0.669813588499752,14.9443686427341,-2.16258386979505,0.0462757261576737,0.0676368019250004,-4.60301675885672,-1.59086739728901
"AT5G49900.1",23134.0849313444,15049.6000873319,23812.9656617024,19683.5164638207,31373.2701060821,26480.0472009203,0957,-0.326630684103502,14.468264819396,-1.05235584667659,0.308475269079017,0.341586524686622,-6.18626192465455,-1.25408113085659
"AT5G50470.1",13109.0141352356,11055.3615424339,14803.7974806321,13811.9080274155,19108.6613983326,17811.2282937609,0958,-0.377192203534957,13.8435120460902,-1.30259842622057,0.211390875421852,0.24308148860688,-5.90269757207043,-1.2988116258224
"AT5G51450.1",12542.408219964,9755.72019669081,14755.1564317671,14334.0728314012,22303.6574243482,19112.6698475028,0959,-0.586261492626717,13.8650813094142,-1.93887797771924,0.0706020203651885,0.0958102585090008,-4.98149411787025,-1.50135119707799
"AT5G52330.1",12705.5841637253,11973.7448575017,17569.9927812988,16524.5691601672,28803.0217469794,27000.8724263433,0960,-0.755087599813949,14.138178471461,-2.40396491632523,0.028871431336097,0.0495569050607709,-4.17052315550061,-1.6877340676257
"AT5G52540.1",74011.3602205772,53256.1401495904,69482.6808894524,93967.6998499559,134763.208935496,115360.922901742,0961,-0.805075207015156,16.3893884384318,-2.74440407800638,0.0145287090479339,0.0350561452206712,-3.52716057495807,-1.74723687209722
"AT5G52610.1",10027.5307349594,6774.61880095489,11053.1496475034,13743.0182157998,20934.8468862315,17442.0514633298,0962,-0.913436219680925,13.606804795502,-2.97026397376917,0.009122656715697,0.0265028906309473,-3.08415551391368,-1.88352635438611
"AT5G53100.1",36294.7577824441,28264.1155652517,37680.9516587374,45696.9083717512,76056.8141130755,64664.3672481002,0963,-0.846506881977245,15.468531560878,-2.8039165110515,0.0128599487805024,0.0326668548168038,-3.41149182179068,-1.79814190828661
"AT5G53150.1",27770.2496852458,21763.1054686638,32293.4267898931,34057.5254178977,57345.8700623797,52036.5308159474,0964,-0.793485064114337,15.1133975905895,-2.56891685678738,0.0207544433838688,0.0412204210095007,-3.86303643515809,-1.73325637172785
"AT5G53250.1",42699.6185699793,28413.2547360747,43939.7857507275,60494.2402261914,108880.095382417,83114.5076322367,0965,-1.12006279395083,15.759887947731,-3.53127883172557,0.00282282857009523,0.0127405343052066,-1.94999369943219,-2.17356432835872
"AT5G53420.1",87181.8728270796,69422.0413237965,87606.7586621691,102685.755430077,182176.088240647,164834.3472384,0966,-0.84662787284212,16.7278656343873,-2.7536010720701,0.0142577923130848,0.0348372448066335,-3.50933943989627,-1.79829271484064
"AT5G53870.1",28199.0990248798,20409.6394597666,31172.5678377881,53198.9090163949,86937.697882172,68482.9235547813,0967,-1.38061424395013,15.3664677991617,-4.49931629330523,0.000375506366392853,0.00345124487657431,0.0350484932070358,-2.60379206923767
"AT5G54067.1",5193.75089338728,5643.74020114308,6585.57505066975,7056.71287680878,12819.7558388259,10619.1167083257,0968,-0.771615880695093,12.8827556333756,-2.51855926991044,0.0229682179343307,0.0426070978561621,-3.95782147049592,-1.7071808292994
"AT5G54095.1",9410.90606305743,8180.22745228269,9142.40235839606,7776.56148803955,14785.1423983977,12554.498273919,0969,-0.345401247250084,13.2916633549832,-1.11769663054383,0.280414537301086,0.311537469463075,-6.11712747726459,-1.27050429037801
"AT5G54215.1",4607.46546731025,3150.4248152417,4724.52622453315,13446.4925049322,19097.0613090265,14808.092865069,0970,-1.93075508540623,12.9647503867401,-6.44393846359661,8.64405189248826e-06,0.000323671720863172,3.78220563980966,-3.81254690115861
"AT5G54350.1",3101.16291108157,2976.05533356522,5715.32324162974,6989.81987132686,11976.2636307128,11364.9284869744,0971,-1.39069458336183,12.5685475722369,-4.12074213985041,0.000821508908763209,0.00574931772090144,-0.73881609602558,-2.62204888537961
"AT5G54360.1",1200.45015912835,1529.51751129727,2257.57911579639,2849.44235291628,5075.86764921454,3455.59457440541,0972,-1.1967546903458,11.2488988976144,-3.64252883295892,0.0022347263222326,0.0112403398595879,-1.72186634120343,-2.29223457661843
"AT5G54400.1",27010.9485600048,22817.7324623406,29264.9927909981,39678.5346845125,56245.5187339179,49074.4150350812,0973,-0.867372597498928,15.1124125416916,-3.0068044052982,0.00845659213181057,0.0252201021984085,-3.01154563138131,-1.82433743253771
"AT5G54530.1",80257.9649420524,63714.3843351578,85609.3034163895,102205.523554901,152531.23144117,130219.979571685,0974,-0.737752947982596,16.5812851030981,-2.51088843794811,0.0233245686288984,0.0427977755326429,-3.97219190364232,-1.66757650171282
"AT5G54650.1",17281.8904055937,13185.3604520447,19200.5253323798,21676.3289853417,33179.5697265992,29954.287069792,0975,-0.766574820555272,14.3808704095185,-2.5519932250952,0.021474682813801,0.0413402616815318,-3.89497585487246,-1.70122601351822
"AT5G55690.1",1929.41203854441,1579.97813300429,2373.89466742993,1258.98626735369,2253.73163660848,2044.76729312838,0976,0.106194657006926,10.8652168757863,0.337000178185157,0.740554516865493,0.764760588918298,-6.68802743652479,1.07638534730793
"AT5G56300.1",129580.55887766,107289.373873469,127739.853632163,187409.241283659,327039.660650502,276612.887563367,0977,-1.08498078015081,17.4283312172203,-3.59215841116028,0.00248404730472673,0.012016133134348,-1.82522500803043,-2.12134722156958
"AT5G56430.1",2748.57167581846,2353.70766584529,2751.39150318605,2789.53816890262,4413.00540315322,3833.47254225406,0978,-0.46873978721711,11.5853010291035,-1.59782619439462,0.129897690696506,0.158034374601887,-5.50750022666923,-1.3839000853535
"AT5G56510.1",34676.9379983183,26838.3226652411,37945.3051851773,50368.4363217496,87628.731773691,81000.1312397678,0979,-1.1131950960007,15.5584185266917,-3.58548277497125,0.00251911636901769,0.0121158718762282,-1.83891514394823,-2.16324204293505
"AT5G57900.1",30412.2240108685,24461.6273828404,38493.0456919607,43050.1418414145,67413.0904244359,61013.618591615,0980,-0.876114393594449,15.3390740525342,-2.86174710562727,0.0114170997708065,0.0309455438828026,-3.29833163054716,-1.83542529265656
"AT5G58030.1",37003.2201714379,27443.2894521509,38867.3702853995,42686.723125065,64062.321770596,54400.7541542637,0981,-0.6380601907262,15.3743399479019,-2.14465540945999,0.0478963615565681,0.0694891432379807,-4.6341990503106,-1.55623527949858
"AT5G58550.1",9654.44000927405,7521.99667579333,11399.9814741925,13055.1185027096,19097.0613090265,17589.9707994284,0982,-0.8016786863143,13.5978688212977,-2.67702642242942,0.0166705485775689,0.0370921792168912,-3.65708325145119,-1.74312821037578
"AT5G58760.1",3500.49298450747,2845.97906427601,3578.28933388992,3762.98115912455,6479.47845524937,5111.29672300542,0983,-0.6017520206179,11.9856853784732,-1.99710700011457,0.063348001963459,0.087360648204111,-4.88528700060276,-1.51755838319649
"AT5G58840.1",147118.282923724,112556.341432533,159407.291271446,134534.813264004,204726.661851653,176620.659380311,0984,-0.293995135330317,17.2234291024393,-0.986837740149346,0.338603638650332,0.372500847307384,-6.25194436214441,-1.22603072595386
"AT5G58870.1",27226.6031992471,21066.7488891069,30842.6546367912,31651.3740266825,49949.9845519505,44564.739813519,0985,-0.664560667455733,15.0016860058964,-2.19707007325101,0.0432998282409944,0.0647575833604221,-4.5426482475972,-1.58508550612786
"AT5G58890.1",11.4797146364733,11.2134714904492,26.4353526439858,0,71.2576914515916,137.97517905,0986,-0.42129467202573,4.22060689350494,-0.35932170349863,0.72411449412912,0.750081714717767,-6.67993840324052,-1.33912874754519
"AT5G59260.1",124.636901767424,78.4943004331444,143.808318383283,126.797189495574,228.687474891154,121.815923845946,0987,-0.439232613895268,7.04091519060349,-1.30201849735958,0.211584282862567,0.24308148860688,-5.90341192492057,-1.35588292586266
"AT5G60330.1",834.739249994987,517.501709284231,788.830922896538,917.532418475844,1039.03657070111,1578.63493147298,0988,-0.71348892507128,9.80691581565885,-2.24414114617619,0.0395234993978427,0.0606346857226388,-4.45944865422067,-1.63976483256049
"AT5G60440.1",19777.9083594097,14779.9160979866,21058.4019161991,15379.4008424395,29450.9695925043,23576.3533427149,0989,-0.264898681130024,14.2942160386816,-0.836113808158571,0.415565031724586,0.447906446773514,-6.38870818802615,-1.20155166292526
"AT5G60553.1",7051.82470526217,8167.33196006868,8547.0782168535,9867.21751011618,20230.5557497914,14056.0659882649,0990,-0.836901894195202,13.3655161617741,-2.65491159461695,0.0174375534395044,0.0380763855882051,-3.69947322889405,-1.78621023513222
"AT5G60760.1",5374.14640910329,4503.3301505644,6541.16365822786,5030.95305408028,7679.25912062036,7528.96990545813,0991,-0.292511023487883,12.5478346221585,-0.96923944431206,0.347038970051333,0.380126109124483,-6.26895373892791,-1.22477014690734
"AT5G61490.1",1858.07381187489,1625.39269254061,2392.9281213336,2407.14979428211,3461.79808005523,3601.0278712419,0992,-0.68434440626862,11.2598363295239,-2.2763711916519,0.0371169745354085,0.0575881992406779,-4.40196491677265,-1.60697157078504
"AT5G62140.1",23439.9373284447,16099.7416924124,28446.5542731403,27004.8061533565,42482.8413500698,33298.0098774001,0993,-0.610400360488038,14.7343999041734,-1.94289958567769,0.0700779429139001,0.0953550474911884,-4.97490474360625,-1.52668281801077
"AT5G63225.1",353.41121488,1912.45756269611,3078.13246186571,0,0,187.695964293244,0994,7.79987836513684,6.41991243510785,5.64311967267686,3.8539079502198e-05,0.00072153721068004,2.29663631027841,222.842155397455
"AT5G63230.1",63561.5399829189,63665.0450605999,73836.054762864,103954.725728099,170633.999381104,134160.351802213,0995,-0.997863432818995,16.527659406154,-3.38229399591479,0.0038592959942668,0.015925503062056,-2.25436780221391,-1.99704028111177
"AT5G63250.1",8772.96192111628,15531.2186878467,19948.1171051517,4155.353564414,9803.73261924688,8205.17258476624,0996,1.00772243013252,13.2648142222604,2.67274806249654,0.0168163579324586,0.0370921792168912,-3.66529411039244,2.01073426479937
"AT5G63740.1",997.095214139395,1024.35062065253,1217.08363572911,2096.64644047799,3796.54351431619,2343.09200458784,0997,-1.30162911597261,10.7225921344587,-4.23427045568576,0.000648877517993038,0.00496981189917395,-0.505987826911347,-2.46507085590641
"AT5G64400.1",137183.409885473,108904.113768094,139610.384383418,168950.765382917,221835.136422496,196733.960030834,0998,-0.60725144798559,17.2668011402937,-2.12585359014245,0.0496519730843695,0.0715073287582587,-4.66674915103802,-1.52335422267868
"AT5G64430.1",69575.2704931971,51904.3561614167,79577.8133571377,107163.593185098,158796.936822064,134550.659966372,0999,-0.998033937344019,16.5090170661272,-3.32328793703648,0.00436761882291598,0.0171149714339847,-2.37443360467703,-1.99727631472729
"AT5G64440.1",40315.9378236773,31305.7697070361,45250.9792418692,48930.7359054218,76338.5305676516,68224.3754715164,1000,-0.719222530654033,15.5926041839325,-2.38963490720037,0.0297032961035475,0.0502174454192082,-4.1968110127488,-1.64629460614756
"AT5G64770.1",31082.1473578684,9171.4983320384,25085.0348309311,11414.7422638023,22651.6601035304,18404.1486577865,1001,0.195863046937832,14.1359154185398,0.473265648998573,0.642500216273849,0.675226318765969,-6.63073894552667,1.14540916069753
"AT5G65160.1",13072.9350320924,10714.4720091242,13432.3313854621,19402.9652020235,32617.7939730623,27143.8196839176,1002,-1.06350862548025,14.1235353466676,-3.54866942132106,0.00272159614353214,0.0124503787380588,-1.91437217766416,-2.09000823310326
"AT5G65330.1",6.5598369351276,5.6067357452246,49.6984629706934,20.9664644047799,38.1145791485257,0,1003,0.519765849649606,3.5088380290924,0.523353401354512,0.607995589412825,0.641632088618336,-6.60496935720556,1.43372253502479
"AT5G65870.1",21716.3401737399,14594.3331448196,22470.049747388,13045.1344720407,17590.7068548522,16366.8394824446,1004,0.307680103056917,14.0780130226726,1.02939642473816,0.318804751810033,0.351868563406051,-6.2096985910278,1.23771581466978
"AT5G66100.1",27201.1838311235,21408.7597695656,28661.2093366095,39621.6257096995,61195.4425563808,50319.9207054245,1005,-0.956596563617762,15.1197242964291,-3.23337175192275,0.00527259846595961,0.0192440326681775,-2.55673316656182,-1.94072615745307
"AT5G66250.1",17249.9112005349,12741.3069810229,19527.2662910595,20867.6225011574,33005.5683870081,27790.1898920798,1006,-0.718951063945147,14.3478088916989,-2.35943217586584,0.0315310734237978,0.0519184287157322,-4.25197888691118,-1.64598485798773
"AT5G66750.1",10160.3674328958,8707.82128590833,12589.5723431718,13005.1983493649,20933.1897306164,18460.0845411852,1007,-0.724519973099715,13.7019682995453,-2.3930930946973,0.0295005030080838,0.0501469425739599,-4.19047367785637,-1.65235075933425
"AT5G66910.1",12721.1637764462,9367.17340954674,13402.7237905008,15386.3896639078,25205.3369064816,20187.8818283879,1008,-0.76442612746226,13.895197980841,-2.51660036908201,0.0230587235514222,0.0426185914268516,-3.96149298699119,-1.69869416048026
"AT5G66985.1",643.683999259396,382.94005139884,207.253164728849,1695.28840758649,1600.81232423808,1336.24610341217,1009,-2.04644140965056,9.56301411528578,-5.59281682439225,4.24550133281188e-05,0.000741672011513819,2.2003840289753,-4.13085783352687
"AT5G67280.1",40051.9043870385,32796.0400681168,44801.5782469215,60602.067757416,87088.499043151,73252.3898792394,1010,-0.905243628808211,15.7000189394309,-3.10287746245308,0.00692447233387928,0.0224379536203588,-2.81958786416419,-1.87286073932309
"AT5G67620.1",87110.5346004101,68040.5416361731,92258.3233134048,135856.698924572,202348.643543908,179907.20328489,1011,-1.0590058619464,16.848873410907,-3.59222589826718,0.00248369528160812,0.012016133134348,-1.8250865977681,-2.08349532363998
